0710936
0797311
0889759
0890175
0890717
0922915
0927913
0929075
0931372
0931550
0931889
0931991
0939303
0941174
0941308
0947407
0952909
0984173
0984572
0993000
0994334
0997744
1005228
1014698
1017714
1017727
1017753
1017859
1017907
1017915
1020838
1020960
1022212
1022638
1022771
1028043
1029061
1029385
1029387
1029390
1031023
1034572
1035352
1038385
1039490
1039675
1040548
1041688
1041699
1042091
1042392
1045232
1047029
1048058
1059639
1061338
1066022
1066740
1068223
1068773
1068780
1068800
1068811
1068815
1068893
1068911
1068917
1069709
1070594
1071205
1071792
1071801
1071802
1073330
1073362
1073363
1074073
1074270
1075716
1076381
1077191
1078338
1080207
1080891
1080896
1081647
1083514
1085689
1087922
1088431
1088519
1090499
1093357
1094142
1094718
1098303
1101161
1101546
1101787
1102032
1102052
1102671
1104149
1111396
1113483
1113917
1115081
1115316
1115575
1116057
1117857
1117911
1117912
1117982
1118712
1118944
1119122
1119313
1119910
1120635
1120641
1121177
1121409
1122787
1124092
1124105
1124471
1124719
1125605
1125711
1125839
1126294
1126301
1126328
1126569
1126590
1126745
1127008
1127206
1127965
1128792
1128832
1129661
1130417
1130436
1130440
1130453
1130487
1132069
1132427
1132557
1133266
1133267
1133409
1133440
1133608
1133750
1133812
1134182
1134852
1136896
1137031
1137123
1137184
1137313
1137675
1138775
1138935
1138937
1139040
1139281
1140058
1141939
1142358
1142880
1143644
1143818
1145888
1145919
1146125
1147395
1147994
1148002
1148013
1148014
1148015
1148017
1148303
1152182
1153868
1154053
1155210
1155211
1156053
1156932
1157240
1157584
1158363
1159196
1159285
1159902
1159904
1159913
1159931
1159965
1160432
1161488
1161732
1161937
1163476
1163762
1164216
1164326
1164970
1165056
1165427
1165823
1167443
1167866
1168023
1169393
1170420
1174064
1177053
1179212
1180015
1180498
1187464
1188989
1193401
1196091