0326885
0337777
0430157
0464695
0485688
0487052
0493103
0503569
0542551
0561303
0575156
0579010
0589520
0589521
0589524
0594177
0594541
0599090
0611503
0628425
0630210
0659808
0678157
0686895
0689014
0701985
0710936
0718731
0718908
0720658
0733319
0733470
0738873
0743530
0749176
0750623
0754138
0754344
0763194
0764758
0767123
0773223
0782896
0796555
0797311
0803160
0812928
0813557
0814307
0854793
0855196
0860751
0860773
0860786
0865104
0867135
0869323
0877785
0889759
0890175
0890717
0892748
0903632
0922696
0922700
0922706
0922915
0924127
0927913
0928047
0928133
0929075
0929076
0930126
0930385
0931372
0931550
0931611
0931889
0931896
0931991
0932232
0934668
0935687
0937175
0937778
0939303
0941174
0941308
0942256
0946618
0947407
0952817
0952909
0955686
0962377
0962863
0963494
0965149
0975324
0979605
0981317
0981900
0983165
0984127
0984173
0984452
0984572
0989228
0990958
0993000
0994334
0995539
0997744
1002460
1005228
1010214
1010215
1014698
1017708
1017714
1017727
1017753
1017859
1017907
1017915
1020838
1020960
1020977
1022080
1022212
1022628
1022630
1022631
1022638
1022771
1023050
1023193
1023225
1025716
1025935
1026483
1026706
1026731
1028043
1029061
1029385
1029387
1029390
1031023
1031248
1031505
1034572
1035352
1036269
1036719
1038367
1038385
1038423
1038424
1038444
1038720
1039177
1039490
1039675
1040548
1041574
1041688
1041699
1042091
1042392
1045232
1045773
1047029
1048058
1048382
1050772
1050774
1051182
1052259
1052354
1058368
1059639
1061338
1062125
1066022
1066375
1066740
1066782
1068223
1068773
1068780
1068800
1068811
1068815
1068827
1068893
1068911
1068917
1069709
1070594
1070715
1071058
1071109
1071205
1071792
1071801
1071802
1073066
1073330
1073362
1073363
1074073
1074270
1074535
1075006
1075230
1075329
1075716
1076381
1077191
1077648
1077849
1078338
1078995
1079125
1079137
1079179
1080207
1080891
1080896
1081647
1081651
1083514
1084934
1085240
1085689
1086721
1087652
1087922
1088058
1088431
1088519
1089266
1089269
1089753
1089774
1090129
1090499
1090960
1091436
1093357
1094142
1094718
1097761
1098303
1099165
1099926
1101161
1101178
1101546
1101787
1101992
1102032
1102035
1102052
1102075
1102671
1104149
1107148
1110476
1111396
1112431
1113483
1113917
1114504
1114845
1115081
1115316
1115575
1115779
1115788
1115791
1116057
1117120
1117857
1117898
1117911
1117912
1117982
1118131
1118712
1118944
1119122
1119313
1119318
1119411
1119827
1119910
1120635
1120641
1121177
1121409
1121471
1121819
1122264
1122396
1122787
1122859
1122926
1123215
1123540
1123543
1123795
1123958
1124092
1124105
1124226
1124351
1124471
1124719
1125202
1125605
1125710
1125711
1125839
1126098
1126294
1126301
1126328
1126502
1126511
1126569
1126590
1126745
1127008
1127206
1127821
1127965
1128792
1128832
1129322
1129559
1129661
1129666
1130417
1130436
1130440
1130453
1130472
1130487
1131055
1131201
1132069
1132427
1132557
1132681
1133006
1133266
1133267
1133409
1133440
1133601
1133608
1133638
1133750
1133812
1134182
1134852
1135073
1136200
1136896
1137031
1137073
1137123
1137184
1137239
1137313
1137600
1137675
1138775
1138935
1138937
1139040
1139281
1139296
1140052
1140058
1141671
1141939
1142358
1142725
1142880
1143644
1143818
1143864
1144309
1144935
1145888
1145919
1146125
1146551
1147395
1147994
1148002
1148013
1148014
1148015
1148017
1148303
1152182
1152676
1152684
1153868
1154053
1154543
1155210
1155211
1156053
1156179
1156932
1156943
1156946
1157151
1157240
1157584
1157735
1158363
1159196
1159285
1159902
1159904
1159913
1159931
1159965
1160432
1160446
1161184
1161488
1161567
1161732
1161859
1161937
1162803
1163006
1163147
1163203
1163476
1163556
1163762
1164216
1164281
1164291
1164326
1164674
1164970
1165040
1165056
1165096
1165114
1165115
1165127
1165427
1165823
1165909
1166028
1166050
1166653
1167273
1167409
1167443
1167447
1167736
1167753
1167760
1167836
1167842
1167866
1167892
1168023
1168030
1168036
1168042
1168082
1168143
1168895
1169118
1169161
1169393
1169856
1170065
1170071
1170192
1170292
1170420
1171249
1171305
1171366
1171562
1171845
1172234
1172236
1172350
1172437
1172473
1172682
1173095
1173748
1174064
1174134
1174807
1174974
1176276
1176353
1176358
1177053
1177161
1177350
1177764
1178532
1179007
1179212
1179668
1179710
1180015
1180184
1180498
1181531
1183325
1183415
1183642
1183656
1184096
1184235
1184382
1185403
1185986
1187306
1187464
1187945
1188864
1188871
1188989
1189122
1189157
1189218
1189488
1189557
1189600
1190254
1190259
1191613
1191993
1193266
1193401
1193550
1193726
1193980
1194079
1194379
1194381
1194572
1194597
1195155
1195334
1195476
1195496
1195628
1195667
1196038
1196067
1196091
1196520
1196794
1196804
1196885
1197210
1197212
1197250
1197260
1197270
1197344
1197350
1197708
1197782
1198213
1198572
1198978
1199285
1199421
1199429
1199431
1199446
1199564
1199571
1199751
1199786
1199859
1199860
1199940
1199979
1200420
1200660
1200762
1200818
1200820
1200865
1200884
1200931
1201013
1201418
1201785
1201815
1201816
1202029
1202409
1203238
1203543
1203698
1203797
1204020
1204176
1204805
1205326
1205964
1206129
1206196
1206215
1206371
1206751
1207131
1207489
1207496
1207498
1207503
1207518
1207522
1207525
1207532
1207665
1207732
1207748
1208242
1208274
1208466
1208490
1208575
1208639
1208759
1208779
1208798
1208903
1209122
1209140
1209153
1209157
1209178
1209217
1209429
1209440
1209559
1209598
1209659
1209744
1210497
1210682
1210872
1210876
1210951
1210970
1211000
1211034
1211148
1211290
1211482
1211797
1211800
1211934
1212097
1212158
1212162
1212185
1212189
1212190
1212194
1212214
1212221
1212343
1212345
1212351
1212398
1212573
1212699
1212764
1212829
1213499
1213810
1213811
1214608
1214644
1214723
1214740
1214870
1215247
1215986
1216333
1216445
1216470
1216481
1216494
1216515
1216748
1216824
1216837
1216843
1216872
1216874
1216897
1216929
1216937
1216938
1217172
1217652
1217653
1217668
1217680
1217794
1217940
1218038
1218119
1218121
1218174
1218179
1218295
1218332
1218338
1218519
1218628
1218830
1218944
1218945
1218946
1218973
1219022
1219773
1219897
1219991
1220020
1220041
1220044
1220067
1220328
1220367
1220943
1221200
1221201
1221798
1221830
1221831
1221835
1221874
1221967
1222056
1222433
1222590
1222632
1222948
1223406
1223408
1223421
1223478
1223520
1223523
1223963
1224203
1224373
1224612
1224668
1224674
1224675
1224677
1224924
1224989
1225064
1225111
1225112
1225244
1225254
1225348
1225359
1225402
1225462
1225530
1225586
1225587
1225608
1225663
1225826
1225961
1226051
1226334
1226386
1226404
1226638
1226688
1227086
1227137
1227159
1227285
1227370
1227383
1227427
1227654
1227692
1227896
1228003
1228179
1228894
1229171
1229337
1229754
1229928
1230439
1230621
1231331
1231358
1232731
1232740
1233387
1233597
1233599
1233604
1233806
1235278
1235391
1235392
1236061
1236431
1237072
1237433
1239488
1241887
1241899
1244050
1244055