0501620
0618329
0740425
0793704
0826646
0863626
0961354
0963748
0975620
0985604
0988905
1005064
1006409
1007196
1011081
1013317
1029716
1030149
1031080
1031819
1035902
1036524
1036745
1042480
1045555
1052944
1059303
1063432
1064390
1064816
1067246
1067256
1067290
1070832
1072504
1075656
1079873
1084562
1088371
1089309
1091843
1091942
1092185
1093563
1097689
1099358
1099571
1099704
1101909
1104326
1106027
1106347
1107491
1107940
1111456
1113064
1113464
1113465
1113467
1113599
1115312
1115385
1115815
1115896
1116945
1118963
1121093
1121417
1121463
1123827
1125093
1127221
1129531
1129645
1129960
1132169
1134176
1136440
1136628
1136730
1136758
1137030
1139482
1140028
1141581
1143111
1143472
1143631
1144795
1145707
1146144
1147245
1147937
1148729
1148731
1148756
1149246
1150834
1151239
1151431
1151442
1151810
1151964
1153472
1153745
1153798
1153933
1153942
1154189
1154222
1155398
1155981
1156119
1156625
1156822
1156826
1157627
1157950
1158126
1158371
1158988
1159081
1159903
1160589
1164406
1165363
1169933
1171551
1171713
1172106
1175223
1177497
1179404
1182093
1182640
1182907
1183677