0107727
0160442
0179950
0278811
0395127
0501620
0529911
0542533
0569984
0570002
0570003
0570033
0578630
0598755
0608945
0616763
0618329
0624684
0649098
0653275
0656677
0684021
0685816
0703672
0714026
0714032
0735094
0740425
0757813
0763275
0793104
0793704
0795243
0811993
0818600
0826646
0827280
0836095
0841808
0846933
0863626
0875105
0875217
0881698
0890930
0902830
0916335
0920624
0928359
0929428
0931747
0944940
0945059
0945202
0945531
0948441
0948855
0950789
0954232
0954253
0956343
0957102
0961354
0961943
0963748
0965257
0967110
0967153
0967154
0967955
0970816
0970817
0970818
0970819
0972640
0973277
0975620
0976709
0977237
0979945
0984666
0985159
0985604
0988242
0988366
0988905
0991755
0992557
0993173
0994166
0999882
1002227
1003662
1003931
1005064
1006409
1007196
1008549
1009448
1010387
1011081
1011890
1012056
1013317
1013956
1014750
1019679
1019838
1024256
1024674
1024711
1025399
1025595
1025664
1026351
1028144
1029317
1029716
1030149
1031080
1031819
1032522
1034065
1035203
1035204
1035207
1035679
1035902
1036121
1036524
1036739
1036745
1037123
1037529
1038201
1042480
1043492
1045555
1046040
1048152
1050748
1052944
1058018
1059303
1062001
1063432
1064020
1064243
1064346
1064390
1064816
1065654
1067048
1067246
1067256
1067290
1070399
1070735
1070832
1070927
1070934
1072504
1073567
1073820
1074402
1074406
1074658
1075656
1077302
1078657
1079873
1083015
1084168
1084562
1088371
1088678
1089309
1091843
1091942
1092185
1093563
1095377
1096385
1097689
1099358
1099512
1099571
1099704
1101074
1101075
1101909
1102218
1103619
1103620
1104326
1106027
1106189
1106347
1107491
1107940
1111456
1111528
1112490
1112992
1112996
1113002
1113064
1113156
1113464
1113465
1113467
1113599
1113879
1115312
1115385
1115511
1115815
1115896
1116080
1116702
1116945
1117747
1117750
1117752
1118963
1119482
1121093
1121417
1121463
1122433
1122659
1122929
1122971
1123827
1124589
1125093
1125749
1127204
1127221
1127523
1128369
1128579
1129531
1129534
1129645
1129919
1129953
1129960
1130139
1130226
1130274
1130309
1131437
1132169
1132416
1133024
1134176
1134440
1134730
1135006
1136177
1136278
1136440
1136628
1136716
1136730
1136758
1137030
1137833
1139482
1139723
1140028
1140854
1141581
1143111
1143472
1143631
1144423
1144795
1145282
1145707
1146144
1147164
1147245
1147736
1147937
1148164
1148729
1148731
1148756
1149246
1150834
1151236
1151239
1151431
1151442
1151810
1151964
1152457
1153472
1153653
1153662
1153745
1153798
1153933
1153942
1154189
1154222
1154866
1155398
1155981
1156119
1156275
1156295
1156625
1156822
1156826
1157627
1157660
1157950
1158014
1158017
1158054
1158089
1158126
1158136
1158371
1158786
1158988
1159081
1159766
1159823
1159903
1160589
1160688
1161292
1162578
1162901
1163273
1163485
1164406
1164468
1164478
1165059
1165363
1165968
1165981
1166837
1166838
1166910
1166941
1166942
1167711
1167909
1167991
1167996
1168448
1168630
1169933
1170394
1170739
1170853
1171307
1171448
1171551
1171652
1171658
1171666
1171713
1171976
1172106
1172157
1172319
1172323
1173121
1173220
1173825
1174601
1174893
1175016
1175121
1175223
1176398
1176527
1176537
1176748
1176809
1176981
1177497
1177539
1177669
1177747
1179262
1179404
1181510
1181599
1181618
1182093
1182102
1182106
1182316
1182640
1182907
1183677
1183878
1184711
1184716
1184897
1184966
1185421
1185551
1185596
1185598
1185975
1186522
1186657
1186827
1186889
1187316
1188430
1189028
1189966
1190500
1190906
1190907
1191178
1191192
1191680
1191713
1192918
1193302
1193374
1193399
1193410
1193588
1193606
1193958
1194291
1195099
1195495
1195571
1195908
1195936
1195967
1195983
1195984
1195986
1196028
1196031
1196047
1196096
1196475
1196767
1196862
1196932
1197242
1197448
1197512
1197788
1197794
1198129
1198207
1198273
1198326
1198332
1198399
1198408
1198604
1198621
1198756
1198798
1198842
1199293
1199485
1199781
1199957
1200062
1200097
1200142
1200465
1200605
1200791
1200912
1200997
1201000
1201016
1201193
1201206
1201232
1201461
1201490
1201717
1202041
1202258
1202402
1202447
1202479
1202529
1202720
1202872
1203184
1203468
1203488
1203792
1203876
1203883
1204106
1204756
1205088
1205216
1205374
1205394
1205427
1205476
1205528
1205677
1205838
1205925
1205940
1205970
1206055
1206202
1206238
1206334
1206431
1206513
1206599
1206600
1206601
1206702
1206704
1206731
1206854
1206905
1206915
1206925
1206999
1207028
1207046
1207065
1207086
1207092
1207144
1207174
1207176
1207407
1207475
1207724
1207730
1207768
1207778
1207854
1207911
1207927
1207932
1207935
1207943
1208010
1208286
1208312
1208338
1208340
1208391
1208403
1208406
1208417
1208424
1208550
1208713
1208752
1208934
1209047
1209055
1209101
1209183
1209212
1209351
1209603
1209607
1209619
1209685
1209691
1209692
1209707
1209839
1209975
1210065
1210098
1210166
1210175
1210433
1210466
1210569
1210576
1210590
1210651
1210708
1210714
1210809
1210844
1211012
1211030
1211232
1211261
1211263
1211281
1211414
1211442
1211685
1211705
1211757
1211789
1211790
1211876
1212075
1212077
1212180
1212355
1212379
1212433
1212434
1212513
1212607
1212615
1212617
1212620
1212624
1212625
1212912
1213019
1213221
1213288
1213293
1213299
1213449
1213473
1213516
1213653
1213724
1213786
1213858
1213969
1214068
1214077
1214189
1214305
1214589
1214622
1214625
1214662
1214666
1214692
1214694
1214792
1214823
1214865
1214866
1214995
1215014
1215045
1215081
1215085
1215094
1215205
1215206
1215222
1215223
1215232
1215255
1215317
1215507
1215529
1215533
1215535
1215777
1215781
1215798
1216430
1216498
1216500
1216501
1216522
1216531
1216620
1216640
1216809
1216838
1216851
1217029
1217039
1217077
1217216
1217451
1217524
1217574
1217609
1217864
1217961
1218128
1218137
1218151
1218158
1218279
1218394
1218397
1218399
1218401
1218432
1218533
1218666
1218674
1218699
1218774
1218786
1218803
1219027
1219297
1219315
1219429
1219464
1219663
1219674
1219719
1219721
1219722
1219727
1219768
1219772
1220057
1220264
1220278
1220315
1220320
1220336
1220363
1220520
1220669
1221344
1221558
1221572
1221905
1221937
1221943
1221963
1222139
1222469
1222525
1222640
1222750
1222858
1223070
1223071
1223102
1223106
1223108
1223110
1223183
1223186
1223188
1223210
1223223
1223330
1223557
1223761
1223864
1224190
1224391
1224429
1224537
1224846
1225147
1225175
1225281
1225555
1225609
1225832
1225995
1226050
1226313
1226639
1226714
1226722
1226765
1226861
1227155
1227157
1227272
1227289
1227567
1227572
1227770
1227791
1227924
1228073
1228144
1228255
1228887
1229069
1229117
1229203
1229215
1229310
1229321
1229322
1229331
1229332
1229359
1229647
1229867
1229869
1230359
1230416
1230433
1230467
1230481
1230551
1231371
1231659
1231742
1231753
1232070
1232194
1232511
1232601
1232749
1233249
1233490
1233493
1233564
1234538
1234994
1236033
1236121
1236278
1236291
1236475
1236592
1237613
1238012
1238190
1238203
1238683
1239880
1240829
1240967
1242315