0107713
0107727
0184136
0278811
0307239
0436083
0455385
0458390
0458399
0458503
0458529
0458563
0498629
0509510
0542551
0572661
0637510
0637511
0691573
0701784
0703498
0711582
0723968
0739910
0762470
0762471
0762558
0769814
0769851
0778111
0782674
0797369
0805946
0806241
0810231
0819210
0824403
0824404
0824765
0834817
0836906
0841434
0846103
0852957
0857822
0859757
0867556
0867557
0867558
0867559
0870867
0874871
0882925
0889828
0890374
0898008
0899621
0905937
0906270
0911361
0920504
0920651
0921727
0925212
0934960
0943584
0949630
0954891
0954938
0958110
0963662
0964184
0964835
0968275
0970593
0971104
0979329
0979703
0982161
0982808
0983240
0988114
0988242
0990702
0990799
0991565
0991609
0991923
0993049
0994042
0994648
0999652
1002471
1008028
1010033
1010725
1011828
1019086
1019090
1019096
1023960
1025590
1025612
1027844
1029736
1032136
1034223
1035873
1037133
1037154
1040956
1042942
1045459
1045741
1046063
1049251
1056633
1058332
1059777
1060088
1061299
1064695
1066926
1068621
1069182
1073101
1074171
1074989
1075923
1076237
1077274
1077395
1078272
1078858
1078902
1079192
1080623
1080683
1080685
1081771
1082077
1082183
1082185
1084168
1085511
1088019
1088202
1088859
1089811
1090178
1091010
1091186
1092937
1092946
1095225
1095235
1095344
1096238
1098293
1098884
1100829
1101090
1101124
1101651
1106954
1108398
1109112
1115010
1115897
1116215
1117239
1118574
1120938
1122102
1122303
1122340
1123068
1127677
1127678
1127765
1129879
1130030
1130312
1131117
1133924
1133925
1133959
1137051
1138003
1138084
1139493
1139495
1139496
1140314
1142908
1143750
1146768
1147707
1150109
1154226
1154451
1154640
1154723
1154866
1156776
1157064
1157799
1159258
1159586
1159667
1159964
1160345
1161751
1161761
1163197
1163471
1163560
1164047
1164061
1164182
1164787
1165816
1166415
1167075
1167338
1167711
1167743
1168939
1169215
1169913
1170067
1170331
1171002
1171004
1171386
1171978
1171979
1172845
1172857
1173451
1173636
1173812
1174186
1174465
1175455
1175816
1176042
1176514
1176659
1176856
1177838
1178251
1178470
1178473
1178477
1179855
1179983
1180228
1180229
1181103
1181486
1181507
1182043
1182650
1183662
1184176
1184365
1184662
1185556
1185975
1186027
1186490
1186905
1186910
1186962
1187814
1187848
1188777
1189304
1189930
1190991
1191128
1191539
1191700
1191786
1192017
1192925
1192927
1192936
1192966
1192973
1192992
1193243
1193289
1193602
1193945
1194018
1194202
1194268
1195099
1195402
1195434
1195806
1195848
1195850
1195857
1195860
1196183
1196413
1197616
1197634
1198376
1199294
1199435
1199877
1200001
1200444
1201251
1201486
1201560
1201561
1201582
1201678
1202097
1202397
1202758
1202761
1202814
1203002
1203183
1203316
1203624
1204077
1204900
1204909
1204910
1204942
1204962
1205358
1205588
1205617
1205639
1206762
1206952
1207121
1207305
1207484
1207486
1207507
1207509
1207920
1208082
1208226
1208344
1208619
1208997
1209297
1209378
1209406
1209522
1209733
1209799
1209803
1210001
1210008
1210176
1210315
1210327
1210571
1210698
1210700
1210716
1210717
1210941
1211329
1211387
1211569
1211581
1211667
1211683
1211754
1211993
1212149
1212159
1212325
1212474
1212592
1212597
1212614
1212626
1212738
1213068
1213310
1213391
1213451
1213659
1213675
1213682
1213727
1213826
1213828
1213856
1213915
1214041
1214171
1214219
1214283
1214309
1214395
1214406
1214786
1214826
1214827
1214873
1214883
1214901
1214902
1214932
1214936
1215119
1215304
1215360
1215377
1215380
1215494
1215512
1215575
1215647
1215654
1215771
1215997
1216079
1216160
1216182
1216368
1216417
1216547
1216645
1216651
1216684
1216688
1216689
1216744
1216807
1216829
1217066
1217576
1217676
1217677
1217691
1217790
1217810
1217817
1217832
1217854
1217902
1217929
1217947
1218087
1218096
1218260
1218299
1218337
1218390
1218391
1218402
1218539
1218625
1218791
1219052
1219107
1219130
1219139
1219178
1219405
1219406
1219771
1219824
1219838
1219998
1220292
1220488
1220490
1220513
1220514
1220524
1220601
1220670
1220756
1220763
1220772
1220773
1220781
1220795
1220796
1220800
1220804
1221587
1221588
1221589
1221593
1221611
1221670
1221690
1221727
1221730
1221731
1221739
1221999
1222097
1222161
1222189
1222266
1222353
1222432
1222450
1222521
1222581
1222649
1222682
1222701
1222706
1222753
1222944
1222963
1223360
1223362
1223407
1223460
1223470
1223473
1223537
1223561
1223563
1223564
1223565
1223758
1223828
1223866
1223889
1223895
1223948
1224065
1224087
1224090
1224147
1224152
1224195
1224292
1224402
1224430
1224596
1224610
1224721
1224756
1224824
1224829
1225009
1225077
1225175
1225184
1225185
1225331
1225334
1225346
1225506
1225515
1225516
1225537
1225555
1225558
1225570
1225582
1225610
1225612
1225776
1225784
1225792
1225832
1225873
1225897
1226224
1226266
1226281
1226282
1226468
1226475
1226531
1226566
1226693
1226803
1226805
1226811
1226858
1226955
1227109
1227110
1227111
1227114
1227115
1227118
1227175
1227299
1227313
1227410
1227411
1227582
1227588
1227673
1227735
1227771
1227779
1227795
1227800
1228071
1228188
1228202
1228204
1228205
1228272
1228290
1228304
1228339
1228352
1228390
1228471
1228510
1228544
1228598
1228723
1228733
1228745
1228766
1228769
1228775
1228776
1228777
1228808
1228809
1228844
1228859
1228869
1228879
1228885
1228891
1228903
1228910
1228916
1228991
1229005
1229043
1229055
1229091
1229092
1229093
1229105
1229135
1229145
1229162
1229201
1229206
1229220
1229305
1229307
1229319
1229408
1229587
1229592
1229594
1229601
1229619
1229683
1229832
1229872
1230275
1230323
1230405
1230691
1230693
1230694
1230698
1230701
1230713
1230716
1230721
1230723
1230916
1230970
1231213
1231241
1231244
1231330
1231376
1231379
1231427
1231520
1231684
1231713
1231744
1231810
1231811
1231922
1231937
1231955
1231958
1232071
1232079
1232095
1232107
1232210
1232463
1232495
1232501
1232588
1232656
1232765
1232773
1232808
1232875
1232895
1232901
1232906
1232925
1232951
1233014
1233050
1233107
1233108
1233207
1233220
1233271
1233320
1233422
1233426
1233516
1233526
1233539
1233543
1233546
1233547
1233549
1233550
1233552
1233554
1233557
1233591
1233608
1233620
1233637
1233857
1233860
1233862
1234153
1234162
1234511
1234544
1234561
1234564
1234581
1234585
1234600
1234697
1234760
1234910
1234914
1234947
1235189
1235366
1235367
1235637
1235653
1235715
1235731
1235738
1235746
1235777
1235778
1235779
1235780
1235781
1235838
1235851
1235852
1235854
1235945
1235949
1235958
1235961
1236097
1236119
1236232
1236248
1236287
1236415
1236489
1236518
1236559
1236608
1236614
1236627
1236666
1236718
1236790
1236794
1236862
1236903
1236912
1236994
1237000
1237035
1237036
1237043
1237044
1237045
1237048
1237049
1237050
1237076
1237104
1237199
1237215
1237263
1237326
1237361
1237383
1237467
1237519
1237522
1237676
1237687
1237694
1237700
1237722
1237727
1237753
1237767
1237793
1237825
1237829
1237871
1237873
1237882
1237884
1237910
1237945
1237947
1237950
1237957
1237963
1237985
1238073
1238230
1238254
1238285
1238293
1238296
1238297
1238314
1238321
1238328
1238340
1238357
1238363
1238369
1238391
1238406
1238414
1238416
1238436
1238459
1238463
1238504
1238593
1238597
1238608
1238684
1238760
1238886
1238905
1238946
1238957
1238960
1238988
1239003
1239045
1239273
1239275
1239334
1239349
1239364
1239393
1239394
1239407
1239411
1239771
1239798
1239805
1239890
1239908
1239920
1240122
1240144
1240179
1240241
1240442
1240446
1240447
1240676
1240958
1241084
1241106
1241108
1241112
1241115
1241116
1241117
1241118
1241123
1241182
1241292
1241294
1241368
1241393
1241426
1241437
1241713
1241905
1241908
1241965
1242049
1242094
1242147
1242284
1242382
1242393
1242522
1242578
1242580
1242581
1242585
1242598
1242727
1242728
1243106
1243129
1243195
1243661
1243915
1244250
1244285
1244462
1244553
1245174
1245786
1245859
1245860
1245954
1246064
1246347
1247040
1247434
1247471
1247711
1247720
1247897
1248955
1249751
1250590
1251347
1251488
1253016
1253017
1253018
1254527
1254529
1255144
1256686