0107713001011
0107713055011
0107713048011
0458465029001
0458465030001
0458465031001
0458465032001
0458465015001
0458465024001
0458465013001
0458465025001
0458503029002
0458503030002
0458503031002
0458503032002
0458503033002
0458503024002
0458529027003
0458529028003
0458529029003
0458529030003
0458529031003
0458529021003
0458529022003
0460912001001
0460912001002
0460912004001
0460912004002
0460914001004
0460914001005
0460914004004
0460914004005
0477027001001
0477027003001
0477027001001
0477027003001
0477027001001
0477027003001
0579381111008
0579381110008
0579381089008
0579381116008
0579381133008
0579381104008
0579381095008
0579381119008
0579381086008
0579381102008
0579381125008
0579381126008
0579381111008
0579381110008
0579381089008
0579381116008
0579381133008
0579381104008
0579381095008
0579381119008
0579381086008
0579381102008
0579381125008
0579381126008
0630465001001
0633039005001
0633039006001
0633039001001
0633064001001
0644385001001
0644385009001
0644385008001
0653275100011
0653275100012
0653275100013
0653275100014
0653275100015
0653275100010
0653275104010
0653275104011
0653275104012
0653275104013
0653275104014
0653275104015
0653275106010
0653275106011
0653275106012
0653275106013
0653275106014
0653275106015
0653275047010
0653275047011
0653275047014
0653275047012
0653275047013
0653275047015
0653275095010
0653275095011
0653275095012
0653275095013
0653275095014
0653275095015
0653275088010
0653275088011
0653275088012
0653275088013
0653275088014
0653275088015
0653275035010
0653275035011
0653275035012
0653275035013
0653275035014
0653275035015
0653275077010
0653275077011
0653275077012
0653275077013
0653275077014
0653275077015
0696742010001
0696742011001
0696742013001
0696742007001
0696742008001
0703215007001
0704010001001
0718151001008
0718151001006
0718151008006
0718151011006
0742967010002
0742967010003
0742967010004
0742967010005
0742967011002
0742967011003
0742967011004
0742967011005
0747778001001
0747778001001
0747936002002
0747936002003
0747936002004
0747936002005
0747936008002
0747936008003
0747936008004
0747936008005
0747936006002
0747936006003
0747936006004
0747936006005
0768417001001
0791899001025
0791899002025
0802828002001
0802828001001
0802828003001
0811481004002
0811481004003
0811481004004
0811481004005
0811481005002
0811481005003
0811481005004
0811481005005
0813460001001
0813460001001
0820186002028
0824382004001
0832720001004
0832720001005
0833967005001
0833967006001
0833967005001
0833967006001
0849701001035
0861479001001
0861479002001
0861479003001
0861479004001
0861480001001
0861480003001
0861480002001
0861480004001
0861480001001
0861480003001
0861480002001
0861480004001
0867558001004
0867558004004
0867558007004
0868631002001
0878847001008
0878847016008
0878848001025
0878848015025
0881846016001
0881846007001
0881846020001
0881846022001
0881846017001
0881846013001
0881846016001
0881846007001
0881846020001
0881846022001
0881846017001
0881846013001
0887421021001
0887421025001
0887421027001
0887421011001
0887421022001
0888321001008
0888321041008
0888321039008
0888321042008
0888321003008
0888321045008
0888321036008
0888321044008
0888321037008
0888321040008
0888321013008
0888321027008
0888321009008
0888321038008
0888321008008
0888322040025
0888322036025
0888322039025
0888322043025
0888322038025
0888322041025
0888322005025
0888322044025
0888322001025
0888322027025
0888322013025
0888322035025
0888322009025
0888322010025
0888322037025
0888322012025
0888322020025
0888322040025
0888322036025
0888322039025
0888322043025
0888322038025
0888322041025
0888322005025
0888322044025
0888322001025
0888322027025
0888322013025
0888322035025
0888322009025
0888322010025
0888322037025
0888322012025
0888322020025
0897504005001
0897504002001
0897504022001
0897504004001
0897504014001
0897504017001
0897504024001
0897504021001
0897504005001
0897504002001
0897504022001
0897504004001
0897504014001
0897504017001
0897504024001
0897504021001
0899904002001
0899904001001
0902431013007
0902431013008
0902431013009
0902431013010
0902431013011
0902431013012
0902431001007
0902431001008
0902431001009
0902431001010
0902431001011
0902431001012
0904349002001
0912078008001
0912078005001
0912078009001
0912079010001
0912079007001
0912079011001
0912079001001
0912079008001
0913973001001
0927082001001
0930119001001
0930305024001
0930305025001
0930305026001
0930305027001
0930305028001
0930305029001
0930305005001
0930305007001
0930305014001
0930305015001
0930305022001
0930305017001
0930305019001
0930305016001
0930305023001
0930305006001
0930305011001
0930305012001
0930305013001
0934888001001
0934888001001
0946616011004
0946616016004
0946616035004
0946616039004
0946616019004
0946616020004
0946616008004
0946616026004
0946616009004
0946616030004
0946616031004
0946617017004
0946617018004
0946617009004
0946617006004
0946617008004
0946617005004
0946617007004
0946617015004
0946617016004
0946625004040
0946625005040
0946625001040
0946625011040
0946625016040
0946625008040
0946625006040
0946628002001
0946628003001
0946628001001
0949631001001
0949631002001
0949631001001
0949631002001
0958893001001
0962778008001
0962778008002
0962780005004
0962780005005
0962780001004
0962780001005
0962780002004
0962780002005
0962780006004
0962780006005
0965970001021
0971736001001
0973839001001
0973839003001
0974198002001
0974198007001
0975206001001
0977054004008
0977054002008
0978084002008
0978084001008
0978627001001
0980861001001
0983967001025
0983967002025
0986876003001
0986876004001
0987846001036
0987919001001
0989018001001
0989018003001
0989018006001
0989018016001
0989018013001
0989205001001
0989205004001
0991609010020
0991609011020
0991609001020
0991609008020
0992815001001
0993381003001
0993381004001
0995539007015
0995539010015
0995539042015
0995539043015
0995539044015
0995539040015
0995539009015
0995539022015
0995539013015
0995539014015
0995539029015
0995539023015
0995539008015
0995539015015
0995539016015
0995539017015
0995539007015
0995539010015
0995539042015
0995539043015
0995539044015
0995539040015
0995539009015
0995539022015
0995539013015
0995539014015
0995539029015
0995539023015
0995539008015
0995539015015
0995539016015
0995539017015
0995634001008
0995634001009
0995634001010
0995634001011
0995634001012
0995634001013
0995634031008
0995634031009
0995634031010
0995634031011
0995634031012
0995634031013
0995634028008
0995634028009
0995634028010
0995634028011
0995634028012
0995634028013
0995634027008
0995634027009
0995634027010
0995634027011
0995634027012
0995634027013
0995634018008
0995634018009
0995634018010
0995634018011
0995634018012
0995634018013
0995634008008
0995634008009
0995634008010
0995634008011
0995634008012
0995634008013
0995634001008
0995634001009
0995634001010
0995634001011
0995634001012
0995634001013
0995634031008
0995634031009
0995634031010
0995634031011
0995634031012
0995634031013
0995634028008
0995634028009
0995634028010
0995634028011
0995634028012
0995634028013
0995634027008
0995634027009
0995634027010
0995634027011
0995634027012
0995634027013
0995634018008
0995634018009
0995634018010
0995634018011
0995634018012
0995634018013
0995634008008
0995634008009
0995634008010
0995634008011
0995634008012
0995634008013
1000738001003
1000739001004
1000740001005
1000740001005
1000740001005
1000740001005
1008025007001
1008025005001
1008025001001
1008025006001
1008025007001
1008025005001
1008025001001
1008025006001
1012617001001
1012617002001
1012617001001
1012617002001
1012617001001
1012617002001
1012617001001
1012617002001
1022528016004
1022528030004
1022528013004
1022528027004
1022528033004
1022528034004
1022528028004
1022528002004
1022528017004
1022528026004
1022528016004
1022528030004
1022528013004
1022528027004
1022528033004
1022528034004
1022528028004
1022528002004
1022528017004
1022528026004
1022528016004
1022528030004
1022528013004
1022528027004
1022528033004
1022528034004
1022528028004
1022528002004
1022528017004
1022528026004
1025404042008
1025404042009
1025404042010
1025404042011
1025404042012
1025404042013
1025404035008
1025404035009
1025404035010
1025404035011
1025404035012
1025404035013
1025404040008
1025404040009
1025404040010
1025404040011
1025404040012
1025404040013
1025404001008
1025404001011
1025404001013
1025404001012
1025404001009
1025404001010
1025404029008
1025404029009
1025404029010
1025404029011
1025404029012
1025404029013
1025404037008
1025404037009
1025404037010
1025404037011
1025404037012
1025404037013
1025404030008
1025404030009
1025404030010
1025404030011
1025404030012
1025404030013
1025404034008
1025404034009
1025404034010
1025404034011
1025404034012
1025404034013
1025404031008
1025404031009
1025404031010
1025404031011
1025404031012
1025404031013
1026753002012
1026753004012
1026753002012
1026753004012
1028613005001
1028613006001
1028613027001
1028613003001
1028613012001
1028613015001
1028613042001
1028613016001
1028613017001
1028613030001
1028613034001
1028613032001
1028613033001
1028613031001
1028613035001
1028613026001
1028613009001
1028613019001
1028613020001
1028613018001
1028693007019
1028693012019
1028693021019
1028693007019
1028693012019
1028693021019
1028693007019
1028693012019
1028693021019
1028693007019
1028693012019
1028693021019
1028693007019
1028693012019
1028693021019
1028693007019
1028693012019
1028693021019
1034985001004
1034985001005
1038735001019
1038735009019
1038735017019
1038735014019
1038735013019
1038735015019
1038735016019
1038735012019
1038735011019
1038735010019
1039973010019
1039973017019
1039973018019
1039973001019
1039973015019
1039973013019
1039973012019
1039973002019
1039973005019
1039973011019
1040919002001
1040919004001
1040919001001
1040919003001
1040919007001
1041277001001
1041734004039
1041734009039
1041734003039
1041734005039
1043564007006
1043564019006
1043564001006
1043564002006
1043564017006
1043564012006
1043565002008
1043565035008
1043565040008
1043565039008
1043565044008
1043565009008
1043565001008
1043565031008
1043565032008
1043565033008
1046006001001
1048544018008
1048544018009
1048544018010
1048544018011
1048544018012
1048544018013
1052086005001
1052086006001
1052086014001
1052086015001
1052086016001
1052559002001
1052559010001
1052559006001
1057760002001
1058368016008
1058368016009
1058368016010
1058368016011
1058368016012
1058368016013
1058368014008
1058368014009
1058368014010
1058368014011
1058368014012
1058368014013
1058368014025
1058369028008
1058369028009
1058369028010
1058369028011
1058369028012
1058369028013
1058369024008
1058369024009
1058369024010
1058369024011
1058369024012
1058369024013
1058369024025
1058369007008
1058369007009
1058369007010
1058369007011
1058369007012
1058369007013
1058369007025
1058369021008
1058369021009
1058369021010
1058369021011
1058369021012
1058369021013
1058369021025
1060589001001
1060589002001
1060589003001
1066168001012
1066168002012
1067094002012
1067094001012
1067094004012
1069182001001
1069182003001
1069182005001
1069182007001
1069184003001
1069184001001
1069184005001
1069184008001
1070399011010
1070399011011
1070399011012
1070399011013
1070399011014
1070399011015
1070399018010
1070399018011
1070399018012
1070399018013
1070399018014
1070399018015
1070399015010
1070399015011
1070399015012
1070399015013
1070399015014
1070399015015
1070399016010
1070399016011
1070399016012
1070399016013
1070399016014
1070399016015
1070995001019
1070995002019
1070995003019
1072160002078
1072160001078
1072160003078
1072161001075
1072161002075
1072161008075
1072161006075
1072161005075
1072161007075
1072161003075
1072161004075
1073357001013
1073357003013
1075451021009
1075451021010
1075451021011
1075451021012
1075451021013
1075451021014
1075451022009
1075451022010
1075451022011
1075451022012
1075451022013
1075451022014
1075451020009
1075451020010
1075451020011
1075451020012
1075451020013
1075451020014
1075451023009
1075451023010
1075451023011
1075451023012
1075451023013
1075451023014
1075451035009
1075451035010
1075451035011
1075451035012
1075451035013
1075451035014
1075451024009
1075451024010
1075451024011
1075451024012
1075451024013
1075451024014
1075451025009
1075451025010
1075451025011
1075451025012
1075451025013
1075451025014
1076715034011
1076715041011
1076715043011
1076715045011
1076715039011
1076715042011
1076715044011
1076715035011
1076715037011
1076715038011
1076715040011
1076715028011
1076715030011
1076715031011
1076715032011
1076715033011
1076716027008
1076716038008
1076716039008
1076716040008
1076716042008
1076716036008
1076716041008
1076716028008
1076716030008
1076716031008
1076716037008
1076716024008
1076716026008
1076716032008
1076716033008
1076716034008
1076718030003
1076718037003
1076718039003
1076718038003
1076718042003
1076718035003
1076718040003
1076718031003
1076718033003
1076718034003
1076718036003
1076718024003
1076718026003
1076718027003
1076718028003
1076718029003
1076719031004
1076719038004
1076719040004
1076719042004
1076719036004
1076719041004
1076719032004
1076719034004
1076719035004
1076719039004
1076719037004
1076719025004
1076719027004
1076719028004
1076719029004
1076719030004
1077492001001
1077492002001
1077492003001
1077505001001
1077771001001
1077771002001
1077771003001
1077771009001
1077771017001
1077771001001
1077771002001
1077771003001
1077771009001
1077771017001
1077771001001
1077771002001
1077771003001
1077771009001
1077771017001
1078852001001
1078852005001
1078852006001
1078852007001
1078852010001
1080186001001
1084721001073
1084721002073
1084721007073
1084721001073
1084721002073
1084721007073
1086210001008
1086210001008
1090157007001
1090157003001
1090402001034
1090402004034
1090402002034
1091311014006
1091311011006
1091311012006
1091311006006
1091311013006
1091311003006
1091311002006
1091311007006
1091311009006
1091311014006
1091311011006
1091311012006
1091311006006
1091311013006
1091311003006
1091311002006
1091311007006
1091311009006
1091311014006
1091311011006
1091311012006
1091311006006
1091311013006
1091311003006
1091311002006
1091311007006
1091311009006
1092928001007
1092928002007
1092928004007
1092928011007
1092946009004
1092946001004
1092946002004
1092946004004
1092946009004
1092946001004
1092946002004
1092946004004
1096574001001
1096692001001
1096692002001
1097301001011
1097301002011
1097301005011
1097301018011
1097301004011
1097301022011
1097301023011
1097301019011
1097301021011
1097301017011
1097303001008
1097303007008
1097303018008
1097303004008
1097303009008
1097303022008
1097303023008
1097303019008
1097303021008
1097303006008
1097303017008
1097305001004
1097305005004
1097305009004
1097305018004
1097305022004
1097305023004
1097305008004
1097305010004
1097305019004
1097305021004
1097305007004
1097305017004
1097511002003
1097511006003
1097511010003
1097511018003
1097511022003
1097511023003
1097511004003
1097511009003
1097511019003
1097511021003
1097511017003
1097511002003
1097511006003
1097511010003
1097511018003
1097511022003
1097511023003
1097511004003
1097511009003
1097511019003
1097511021003
1097511017003
1097511002003
1097511006003
1097511010003
1097511018003
1097511022003
1097511023003
1097511004003
1097511009003
1097511019003
1097511021003
1097511017003
1097511002003
1097511006003
1097511010003
1097511018003
1097511022003
1097511023003
1097511004003
1097511009003
1097511019003
1097511021003
1097511017003
1106954005020
1106954040020
1106954041020
1106954039020
1106954042020
1106954009020
1106954001020
1106954037020
1106954035020
1106954034020
1106954023020
1106954019020
1106954020020
1106954021020
1111955019001
1111955020001
1111955021001
1111955006001
1111955010001
1111955011001
1111955014001
1111955012001
1111955004001
1111955005001
1111955007001
1111955001001
1111955003001
1113450002001
1113450003001
1113450005001
1113450004001
1113515001001
1115511010009
1115511010010
1115511010011
1115511010012
1115511010013
1115511010014
1115511001009
1115511001010
1115511001011
1115511001012
1115511001013
1115511001014
1115511011009
1115511011010
1115511011011
1115511011012
1115511011013
1115511011014
1115511012009
1115511012010
1115511012011
1115511012012
1115511012013
1115511012014
1115511014009
1115511014010
1115511014011
1115511014012
1115511014013
1115511014014
1116923007001
1116923008001
1116923003001
1116923004001
1118242001001
1118243001001
1119908002001
1119908003001
1119908005001
1119908006001
1119908008001
1120585017011
1120585017012
1120585017013
1120585017014
1120585017015
1120585017016
1120585017010
1120585028011
1120585028012
1120585028013
1120585028014
1120585028015
1120585028016
1120585019011
1120585019012
1120585019013
1120585019014
1120585019015
1120585019016
1120585019010
1120585018011
1120585018012
1120585018013
1120585018014
1120585018015
1120585018016
1120585018010
1120585021011
1120585021012
1120585021013
1120585021014
1120585021015
1120585021016
1120585025011
1120585025012
1120585025013
1120585025014
1120585025015
1120585025016
1120585012011
1120585012012
1120585012013
1120585012014
1120585012015
1120585012016
1120585013011
1120585013012
1120585013013
1120585013014
1120585013015
1120585013016
1120585022011
1120585022012
1120585022013
1120585022014
1120585022015
1120585022016
1121174005001
1121196004001
1121196005001
1121196002001
1121196003001
1122995003001
1122995008001
1122995005001
1123072001020
1123621027009
1123621027010
1123621027011
1123621027012
1123621027013
1123621027014
1123621028009
1123621028010
1123621028011
1123621028012
1123621028013
1123621028014
1123621029009
1123621029010
1123621029011
1123621029012
1123621029013
1123621029014
1123621017008
1123621017009
1123621017010
1123621017011
1123621017012
1123621017013
1123621017014
1123621021009
1123621021010
1123621021011
1123621021012
1123621021013
1123621021008
1123621021014
1123621025008
1123621025009
1123621025010
1123621025011
1123621025012
1123621025013
1123621025014
1123621019008
1123621019009
1123621019010
1123621019011
1123621019012
1123621019013
1123621019014
1123621014009
1123621014010
1123621014011
1123621014012
1123621014013
1123621014014
1123621020008
1123621020009
1123621020010
1123621020011
1123621020012
1123621020013
1123621020014
1123736002006
1123736002007
1123736002008
1123736002009
1123736002010
1124569002001
1124569001001
1124570002001
1124570001001
1124570002001
1124570001001
1127658002001
1127658001001
1127675015008
1127675002008
1127675001008
1127675005008
1127675008008
1127675017008
1127675009008
1127675010008
1127675007008
1127676009025
1127676001025
1127676014025
1127676002025
1127676008025
1127676011025
1127676016025
1127676005025
1127676006025
1127676007025
1127677001011
1127677005011
1127677009011
1127677014011
1127677008011
1127677015011
1127677011011
1127677006011
1127677001011
1127677005011
1127677009011
1127677014011
1127677008011
1127677015011
1127677011011
1127677006011
1127677001011
1127677005011
1127677009011
1127677014011
1127677008011
1127677015011
1127677011011
1127677006011
1134877001009
1134877002009
1138556001026
1138556002026
1140294013008
1140294014008
1140294015008
1140294011008
1140294012008
1140294017008
1140294002008
1140294003008
1140294005008
1140294004008
1140294001008
1140294006008
1143646031011
1143646031012
1143646031013
1143646031014
1143646031015
1143646031016
1143646001013
1143646001015
1143646001016
1143646001014
1143646001011
1143646001012
1143646032011
1143646032012
1143646032013
1143646032014
1143646032015
1143646032016
1143646023011
1143646023012
1143646023013
1143646023014
1143646023015
1143646023016
1143646021011
1143646021012
1143646021013
1143646021014
1143646021015
1143646021016
1143646013011
1143646013012
1143646013013
1143646013014
1143646013015
1143646013016
1143646014011
1143646014012
1143646014013
1143646014014
1143646014015
1143646014016
1143646016011
1143646016012
1143646016013
1143646016014
1143646016015
1143646016016
1143646017011
1143646017012
1143646017013
1143646017014
1143646017015
1143646017016
1146308004019
1146308012019
1146308003019
1146308021019
1146308019019
1146308009019
1146308016019
1146308013019
1146308015019
1146308002019
1146308007019
1146308006019
1146308011019
1146628001001
1147493001001
1147493002001
1147493001001
1147493002001
1148325001008
1148325001009
1148325001010
1148325001011
1148325001012
1148325001013
1148325003008
1148325003009
1148325003010
1148325003011
1148325003012
1148325003013
1149559003009
1149559003010
1149559003011
1149559003012
1149559003013
1149559003014
1149559003024
1149559004009
1149559004010
1149559004011
1149559004012
1149559004013
1149559004014
1149559004024
1152378018001
1152378019001
1152378025001
1152378023001
1152378024001
1154683005066
1157038006008
1157038006009
1157038006010
1157038006011
1157038006012
1157038006013
1157038001008
1157038001009
1157038001010
1157038001011
1157038001012
1157038001013
1157038001022
1157038004008
1157038004009
1157038004010
1157038004011
1157038004012
1157038004013
1157038004022
1157432006008
1157432006009
1157432006010
1157432006011
1157432006012
1157432006013
1158018031011
1158018031012
1158018031013
1158018031014
1158018031015
1158018032010
1158018032011
1158018032012
1158018032013
1158018032014
1158018032015
1158018035010
1158018035011
1158018035012
1158018035013
1158018035014
1158018035015
1158018021010
1158018021011
1158018021012
1158018021013
1158018021014
1158018021015
1158018023010
1158018023011
1158018023012
1158018023013
1158018023014
1158018023015
1158018022010
1158018022011
1158018022012
1158018022013
1158018022014
1158018022015
1158018024010
1158018024011
1158018024012
1158018024013
1158018024014
1158018024015
1158018027010
1158018027011
1158018027012
1158018027013
1158018027014
1158018027015
1158018034010
1158018034011
1158018034012
1158018034013
1158018034014
1158018034015
1158018014010
1158018014011
1158018014012
1158018014013
1158018014014
1158018014015
1158018011010
1158018011011
1158018011012
1158018011013
1158018011014
1158018011015
1158018012010
1158018012011
1158018012012
1158018012013
1158018012014
1158018012015
1158018013010
1158018013011
1158018013012
1158018013013
1158018013014
1158018013015
1158018016010
1158018016011
1158018016012
1158018016013
1158018016014
1158018016015
1158018017010
1158018017011
1158018017012
1158018017013
1158018017014
1158018017015
1158018019010
1158018019011
1158018019012
1158018019013
1158018019014
1158018019015
1158129020010
1158129020011
1158129020012
1158129020013
1158129020014
1158129020015
1158129023010
1158129023011
1158129023012
1158129023013
1158129023014
1158129023015
1158129013010
1158129013011
1158129013012
1158129013013
1158129013014
1158129013015
1158129007010
1158129007011
1158129007012
1158129007013
1158129007014
1158129007015
1158129014010
1158129014011
1158129014012
1158129014013
1158129014014
1158129014015
1158129009010
1158129009011
1158129009012
1158129009013
1158129009014
1158129009015
1158129008010
1158129008011
1158129008012
1158129008013
1158129008014
1158129008015
1158136007010
1158136007011
1158136007012
1158136007013
1158136007014
1158136007015
1158136034010
1158136034011
1158136034012
1158136034013
1158136034014
1158136034015
1158136006010
1158136006011
1158136006012
1158136006013
1158136006014
1158136006015
1158136035010
1158136035011
1158136035012
1158136035013
1158136035014
1158136035015
1158136001014
1158136001015
1158136001011
1158136001010
1158136001012
1158136001013
1158136028010
1158136028011
1158136028012
1158136028013
1158136028014
1158136028015
1158136008010
1158136008011
1158136008012
1158136008013
1158136008014
1158136008015
1158136029010
1158136029011
1158136029012
1158136029013
1158136029014
1158136029015
1158136012010
1158136012011
1158136012012
1158136012013
1158136012014
1158136012015
1158136011010
1158136011011
1158136011012
1158136011013
1158136011014
1158136011015
1158136015010
1158136015011
1158136015012
1158136015013
1158136015014
1158136015015
1160288001001
1163823003008
1163823003009
1163823003010
1163823003011
1163823003012
1163823003013
1163823003025
1165297001001
1165641001076
1165659001035
1166249001056
1166249002056
1166249005056
1166249006056
1166837001009
1166837001010
1166837001011
1166837001012
1166837001013
1166837001014
1166837015009
1166837015010
1166837015011
1166837015012
1166837015013
1166837015014
1166837013009
1166837013010
1166837013011
1166837013012
1166837013013
1166837013014
1166837006009
1166837006010
1166837006011
1166837006012
1166837006013
1166837006014
1166837005009
1166837005010
1166837005011
1166837005012
1166837005013
1166837005014
1170810001001
1170810005001
1170810007001
1170810002001
1170810004001
1170819001001
1170819002001
1170895001001
1170896001002
1170897001003
1171783003001
1171783004001
1171783005001
1171783001001
1171783002001
1171786004001
1171786002001
1171786010001
1171786001001
1172292002001
1172292006001
1172292001001
1172292003001
1172575001001
1172578001001
1172965007001
1172965001001
1172965002001
1173799002001
1173799001001
1173849001001
1173849002001
1173914001008
1173914004008
1173914005008
1173914006008
1173914002008
1174045008008
1174045001008
1174045002008
1174045003008
1174045009008
1174134002001
1174134008001
1174134004001
1174134006001
1174134007001
1174134005001
1175484001076
1175485001074
1176038017025
1176038018025
1176038015025
1176038016025
1176038019025
1176038022025
1176038023025
1176038024025
1176038021025
1176038011025
1176038001025
1176038003025
1176038004025
1176038005025
1176038006025
1176038008025
1176038009025
1176039014008
1176039015008
1176039013008
1176039016008
1176039018008
1176039019008
1176039020008
1176039012008
1176039017008
1176039009008
1176039001008
1176039003008
1176039004008
1176039005008
1176039006008
1176039007008
1176039008008
1176342011008
1176342011010
1176342011011
1176342011012
1176342011013
1176342006008
1176342006009
1176342006010
1176342006011
1176342006012
1176342006013
1176342007008
1176342007009
1176342007010
1176342007011
1176342007012
1176342007013
1176342004008
1176342004009
1176342004010
1176342004011
1176342004012
1176342004013
1176342004025
1176342005008
1176342005009
1176342005010
1176342005011
1176342005012
1176342005013
1176342005025
1176399001002
1176399001003
1176399001004
1176399001005
1176451001008
1176451001009
1176451001010
1176451001011
1176451001012
1176451001013
1176451001025
1176451002008
1176451002009
1176451002010
1176451002011
1176451002012
1176451002013
1176451002025
1177356003008
1177356001008
1177356005008
1177356006008
1177356007008
1177356008008
1177357003004
1177357005004
1177357006004
1177357007004
1177357002004
1177357008004
1177358005003
1177358006003
1177358002003
1177358003003
1177358007003
1177358008003
1177366001008
1177704001003
1177704001004
1177704001005
1177704001006
1177704001007
1177704001008
1177704001009
1177704001010
1177704001011
1177704001012
1177704001013
1177704002003
1177704002004
1177704002005
1177704002006
1177704002007
1177704002008
1177704002009
1177704002010
1177704002011
1177704002012
1177704002013
1178411006010
1178411006011
1178411006012
1178411006013
1178411006014
1178411006015
1178411001010
1178411001011
1178411001012
1178411001013
1178411001014
1178477001001
1178477023001
1178477028001
1178477024001
1178477012001
1178477016001
1178477021001
1178477017001
1178477019001
1178477022001
1178477003001
1178477005001
1179571003012
1179571001012
1179572001012
1179572002012
1181061007008
1181061001008
1181061008008
1181061012008
1181061017008
1181061002008
1181061006008
1181063001025
1181063007025
1181063008025
1181063012025
1181063017025
1181063002025
1181063006025
1182219002012
1182237001012
1182893001009
1182893001010
1182893001011
1182893001012
1182893001013
1182893001014
1182893009009
1182893009010
1182893009011
1182893009012
1182893009013
1182893004009
1182893004010
1182893004011
1182893004012
1182893004013
1182893004014
1182893006009
1182893006010
1182893006011
1182893006012
1182893006013
1183369001001
1183917001012
1184467001076
1184467002076
1184468001074
1184468002074
1184859001001
1184862004001
1186337003075
1186337001075
1186370002001
1186370001001
1186478001001
1186478003001
1186478002001
1186478004001
1187323001001
1187323002001
1187329001001
1187808011075
1187808014075
1187808013075
1187808010075
1187808012075
1187808006075
1187809012074
1187809010074
1187809013074
1187809009074
1187815015006
1187815009006
1187815008006
1188499001001
1188864013008
1188864013009
1188864013010
1188864013011
1188864013012
1188864013013
1188864015008
1188864015009
1188864015010
1188864015011
1188864015012
1188864015013
1188864008008
1188864008009
1188864008010
1188864008011
1188864008012
1188864008013
1189190001028
1190054004074
1190594001001
1191045001001
1191754001001
1191754002001
1192031001001
1192706007008
1192706046008
1192706032008
1192706019008
1192706016008
1192706028008
1192706008008
1192706009008
1192706006008
1192706011008
1192706013008
1192767001001
1192767002001
1194508001012
1196099002073
1196165001001
1196165002001
1196171004001
1196176001001
1196184002001
1196636010010
1196636010011
1196636010012
1196636010013
1196636010014
1196636010015
1196636007010
1196636007011
1196636007012
1196636007013
1196636007014
1196636007015
1196636008010
1196636008011
1196636008012
1196636008013
1196636008014
1196636008015
1196636004010
1196636004011
1196636004012
1196636004013
1196636004014
1196636004015
1196636005010
1196636005011
1196636005012
1196636005013
1196636005014
1196636005015
1197095001001
1197095003001
1197457001074
1197802001076
1197802002076
1197805001074
1197805002074
1198050001008
1198050005008
1198050002008
1198228001001
1198228009001
1198228006001
1198228002001
1198228008001
1198468002010
1198468002011
1198468002012
1198468002013
1198468002014
1198468002015
1198468001010
1198468001011
1198468001012
1198468001013
1198468001014
1198468001015
1198468012010
1198468012011
1198468012012
1198468012013
1198468012014
1198468012015
1198468007010
1198468007011
1198468007012
1198468007013
1198468007014
1198468007015
1198625001010
1198625001011
1198625001012
1198625001013
1198625001014
1198625001015
1198625003010
1198625003011
1198625003012
1198625003013
1198625003014
1198625003015
1198625004010
1198625004011
1198625004012
1198625004013
1198625004014
1198625004015
1198628001010
1198628001011
1198628001012
1198628001013
1198628001014
1198628001015
1198628005010
1198628005011
1198628005012
1198628005013
1198628005014
1198628005015
1198628002010
1198628002011
1198628002012
1198628002013
1198628002014
1198628002015
1198628003010
1198628003011
1198628003012
1198628003013
1198628003014
1198628003015
1199431008008
1199431008009
1199431008010
1199431008011
1199431008012
1199431008013
1199431005008
1199431005009
1199431005010
1199431005011
1199431005012
1199431005013
1199431005025
1199431006008
1199431006009
1199431006010
1199431006011
1199431006012
1199431006013
1199431006025
1199710001006
1199713001027
1199755001005
1200017007001
1200017008001
1200017009001
1200017002001
1200017005001
1200017006001
1200017001001
1200017003001
1200017004001
1200018008001
1200018003001
1200018006001
1200018007001
1200018001001
1200018004001
1200018005001
1200113008008
1200113008009
1200113008010
1200113008011
1200113008012
1200113008013
1200113001008
1200113001009
1200113001010
1200113001011
1200113001012
1200113001013
1200113005008
1200113005009
1200113005010
1200113005011
1200113005012
1200113005013
1200444001011
1200444010011
1200444007011
1200444012011
1200444009011
1200444005011
1200444008011
1200444002011
1200444003011
1200444006011
1200444004011
1200807001003
1200807001007
1200867001012
1200938001001
1200938004001
1200938005001
1200938002001
1200938003001
1201083001008
1201083001009
1201083001010
1201083001011
1201083001012
1201083001013
1201083001025
1201083002008
1201083002009
1201083002010
1201083002011
1201083002012
1201083002013
1201083002025
1201084001008
1201084001009
1201084001010
1201084001011
1201084001012
1201084001013
1201084002008
1201084002009
1201084002010
1201084002011
1201084002012
1201084002013
1201084003008
1201084003009
1201084003010
1201084003011
1201084003012
1201084003013
1201329001002
1201329001004
1201329003002
1201329003004
1201366001008
1201366001009
1201366001010
1201366001011
1201366001012
1201366001013
1201366001022
1201682001001
1201682004001
1201718001001
1201718002001
1201732001001
1201796001001
1201796005001
1201796003001
1201810001001
1202000001010
1202000001011
1202000001012
1202000001013
1202000001014
1202000001015
1202057001001
1202057002001
1202059001001
1202402001009
1202402001010
1202402001011
1202402001012
1202402001013
1202402001014
1202402002009
1202402002010
1202402002011
1202402002012
1202402002013
1202402002014
1202402004009
1202402004010
1202402004011
1202402004012
1202402004013
1202402004014
1202523001001
1202523002001
1202523003001
1203126001009
1203126001010
1203126001011
1203126001012
1203126001013
1203126002009
1203126002010
1203126002011
1203126002012
1203126002013
1203163001010
1203163001011
1203163001012
1203163001013
1203163001014
1203163001015
1203163002010
1203163002011
1203163002012
1203163002013
1203163002014
1203550001001
1203911002001
1203911001001
1204025001084
1204180007010
1204180007011
1204180007012
1204180007013
1204180007014
1204180007015
1204180017010
1204180017011
1204180017012
1204180017013
1204180017014
1204180017015
1204180018010
1204180018011
1204180018012
1204180018013
1204180018014
1204180018015
1204180019010
1204180019011
1204180019012
1204180019013
1204180019014
1204180019015
1204180008010
1204180008011
1204180008012
1204180008013
1204180008014
1204180008015
1204180003010
1204180003011
1204180003012
1204180003013
1204180003014
1204180003015
1204180004010
1204180004011
1204180004012
1204180004013
1204180004014
1204180004015
1204775001019
1204775006019
1204775003019
1204775005019
1204798001019
1204798002019
1204798003019
1204799004054
1204799001054
1204799002054
1205074001074
1205075001092
1205077001075
1205078001007
1205080020075
1205080016075
1205080007075
1205080008075
1205080003075
1205080005075
1205445007008
1205445001008
1205445008008
1205445013008
1205445014008
1205445015008
1205445018008
1205445011008
1205445009008
1205445012008
1205445002008
1205445006008
1205446006004
1205446001004
1205446007004
1205446011004
1205446012004
1205446013004
1205446017004
1205446008004
1205446009004
1205446010004
1205446002004
1205446005004
1205588001001
1205588003001
1205588002001
1205588004001
1205589001008
1205589001009
1205589001010
1205589001011
1205589001012
1205589001013
1205589002008
1205589002009
1205589002010
1205589002011
1205589002012
1205589002013
1205637001001
1205646001001
1205654001001
1205847001016
1205851002063
1205851001063
1205890008009
1205890008010
1205890008011
1205890008012
1205890008013
1205890008014
1205890004009
1205890004010
1205890004011
1205890004012
1205890004013
1205890004014
1205890005009
1205890005010
1205890005011
1205890005012
1205890005013
1205890005014
1205890006009
1205890006010
1205890006011
1205890006012
1205890006013
1205890006014
1205890011009
1205890011010
1205890011011
1205890011012
1205890011013
1205890011014
1205890007009
1205890007010
1205890007011
1205890007012
1205890007013
1205890007014
1206055002002
1206055002004
1206055003002
1206055003004
1206055006002
1206055006004
1206055001002
1206055001004
1206055008002
1206055008004
1206055012002
1206055012004
1206055013002
1206055013004
1206055015002
1206055015004
1206055016002
1206055016004
1206055017002
1206055017004
1206055005002
1206055005004
1206055007002
1206055007004
1206078011010
1206078011011
1206078011012
1206078011013
1206078011014
1206078011015
1206078011016
1206078001010
1206078001011
1206078001012
1206078001013
1206078001014
1206078001015
1206078001016
1206078002010
1206078002011
1206078002012
1206078002013
1206078002014
1206078002015
1206078002016
1206078008010
1206078008011
1206078008012
1206078008013
1206078008014
1206078008015
1206078008016
1206078003011
1206078003012
1206078003013
1206078003014
1206078003015
1206078003016
1206078004011
1206078004012
1206078004013
1206078004014
1206078004015
1206078004016
1206365001003
1206365003003
1206568001001
1206570004001
1206570001001
1206631001001
1206631002001
1206634002001
1206634001001
1206662001001
1206935002001
1206935001001
1206936001001
1206936002001
1206939002012
1206939002020
1206939003012
1206939003020
1206939004012
1206939001020
1206977010008
1206977020008
1206977021008
1206977027008
1206977012008
1206977006008
1206977023008
1206977031008
1206977002008
1206977004008
1206977029008
1206977025008
1206977035008
1206977003008
1206977016008
1206977001008
1206977005008
1206977007008
1206977009008
1206977011008
1207250004001
1207250001001
1207250002001
1207301001001
1207301004001
1207301005001
1207301002001
1207301003001
1207728001001
1207728004001
1207800001076
1207800002076
1207801001074
1207801002074
1207918006008
1207918006009
1207918006010
1207918006011
1207918006012
1207918006013
1207918001008
1207918001009
1207918001010
1207918001011
1207918001012
1207918001013
1207918005008
1207918005009
1207918005010
1207918005011
1207918005012
1207918005013
1207918003008
1207918003009
1207918003010
1207918003011
1207918003012
1207918003013
1207918004008
1207918004009
1207918004010
1207918004011
1207918004012
1207918004013
1207918002008
1207918002009
1207918002010
1207918002011
1207918002012
1207918002013
1208017019006
1208017002005
1208017002006
1208017013006
1208017001006
1208017006006
1208145001001
1208258006003
1208258011003
1208258008003
1208258001003
1208258004003
1208258003003
1208304001001
1208410002012
1208410002013
1208410002014
1208410002015
1208410002016
1208410001012
1208410001013
1208410001014
1208410001015
1208410001016
1208550004001
1208550001001
1208550002001
1208593001006
1208606001033
1208618001035
1208679001001
1208697001001
1208829004001
1208829005001
1208829006001
1208829013001
1208829014001
1208829010001
1208829012001
1208829011001
1208829001001
1208829002001
1208829003001
1209206001001
1209529001003
1209618001001
1209618002001
1209618003001
1209699001009
1209699007009
1209699011009
1209699013009
1209699005009
1209699009009
1209699010009
1209699006009
1209699002009
1209699003009
1209699004009
1209990001092
1209990002092
1210109009001
1210109004001
1210109005001
1210109006001
1210109001001
1210109002001
1210109003001
1210251003012
1210251006012
1210251004012
1210253001012
1210253002012
1210254001012
1210428006013
1210428010013
1210428011013
1210428001013
1210428002013
1210428009013
1210428003013
1210428004013
1210428005013
1210569002002
1210569002004
1210569009002
1210569009004
1210569011002
1210569011004
1210569003002
1210569003004
1210569010002
1210569010004
1210569008002
1210569008004
1210572003009
1210809008010
1210809008011
1210809008012
1210809008013
1210809008014
1210809008015
1210809007010
1210809007011
1210809007012
1210809007013
1210809007014
1210809007015
1210809009010
1210809009011
1210809009012
1210809009013
1210809009014
1210809009015
1210809001010
1210809001011
1210809001012
1210809001013
1210809001014
1210809001015
1210809005010
1210809005011
1210809005012
1210809005013
1210809005014
1210809005015
1210809003010
1210809003011
1210809003012
1210809003013
1210809003014
1210809003015
1210809006010
1210809006011
1210809006012
1210809006013
1210809006014
1210809006015
1210868002008
1210868002009
1210868002010
1210868002011
1210868002012
1210868002013
1210868002025
1211228002001
1211228001001
1211230001001
1211252001004
1211252001005
1211252003004
1211252003005
1211253001012
1211310001001
1211310002001
1211408004008
1211408004009
1211408004010
1211408004011
1211408004012
1211408004013
1211408002008
1211408002009
1211408002010
1211408002011
1211408002012
1211408002013
1211408003008
1211408003009
1211408003010
1211408003011
1211408003012
1211408003013
1211631018075
1211631017075
1211631009075
1211631002075
1211631008075
1211631012075
1211725001001
1211725004001
1211929001001
1212448002009
1212448002010
1212448002011
1212448002012
1212448002013
1212448002014
1212448003009
1212448003010
1212448003011
1212448003012
1212448003013
1212448003014
1212448004009
1212448004010
1212448004011
1212448004012
1212448004013
1212448004014
1212594001001
1212595001001
1213132002024
1213132001024
1213134002024
1213134001024
1213139001001
1213144001001
1213145001001
1213190008072
1213190003072
1213190001072
1213190002072
1213190005072
1213190004072
1213465007009
1213465007010
1213465007011
1213465007012
1213465007013
1213465007014
1213465008009
1213465008010
1213465008011
1213465008012
1213465008013
1213465008014
1213465001009
1213465001010
1213465001011
1213465001012
1213465001013
1213465001014
1213465002009
1213465002010
1213465002011
1213465002012
1213465002013
1213465002014
1213465003009
1213465003010
1213465003011
1213465003012
1213465003013
1213465003014
1213465005009
1213465005010
1213465005011
1213465005012
1213465005013
1213465005014
1213660008009
1213660008010
1213660008011
1213660008012
1213660008013
1213660008014
1213660011009
1213660011010
1213660011011
1213660011012
1213660011013
1213660011014
1213660002009
1213660002010
1213660002011
1213660002012
1213660002013
1213660002014
1213660002008
1213660001009
1213660001010
1213660001011
1213660001012
1213660001013
1213660001014
1213660001008
1213660003009
1213660003010
1213660003011
1213660003012
1213660003013
1213660003014
1213660003008
1213660004008
1213660004009
1213660004010
1213660004011
1213660004012
1213660004013
1213660004014
1213660005008
1213660005009
1213660005010
1213660005011
1213660005012
1213660005013
1213660005014
1213801001001
1213801002001
1214016001001
1214134001001
1214165026008
1214165008008
1214165032008
1214165033008
1214165011008
1214165017008
1214165009008
1214165003008
1214165010008
1214165001008
1214165007008
1214165013008
1214165012008
1214165004008
1214165005008
1214456006009
1214456006010
1214456006011
1214456006012
1214456006013
1214456006014
1214456003009
1214456003010
1214456003011
1214456003012
1214456003013
1214456003014
1214456002009
1214456002010
1214456002011
1214456002012
1214456002013
1214456002014
1214456005009
1214456005010
1214456005011
1214456005012
1214456005013
1214456005014
1214460001009
1214460001010
1214460001011
1214460001012
1214460001013
1214460001014
1214460003009
1214460003010
1214460003011
1214460003012
1214460003013
1214460003014
1214591002001
1214591003001
1214754006009
1214754006010
1214754006011
1214754006012
1214754006013
1214754006008
1214754007008
1214754007009
1214754007010
1214754007011
1214754007012
1214754007013
1214754003008
1214754003009
1214754003010
1214754003011
1214754003012
1214754003013
1214754005008
1214754005009
1214754005010
1214754005011
1214754005012
1214754005013
1214754001008
1214754001009
1214754001010
1214754001011
1214754001012
1214754001013
1214754002008
1214754002009
1214754002010
1214754002011
1214754002012
1214754002013
1216319002001
1216319001001
1216319003001
1216630001001
1216925003009
1216925003010
1216925003011
1216925003012
1216925003013
1216925003014
1216925004009
1216925004010
1216925004011
1216925004012
1216925004013
1216925004014
1216925001009
1216925001010
1216925001011
1216925001012
1216925001013
1216925001014
1216925002009
1216925002010
1216925002011
1216925002012
1216925002013
1216925002014
1217061001009
1217061001010
1217061001011
1217061001012
1217061001013
1217061001014
1217061002009
1217061002010
1217061002011
1217061002012
1217061002013
1217061002014
1217061004009
1217061004010
1217061004011
1217061004012
1217061004013
1217061004014
1217061003009
1217061003010
1217061003011
1217061003012
1217061003013
1217061003014
1217092001009
1217092001010
1217092001011
1217092001012
1217092001013
1217092001014
1217092001008
1217092005009
1217092005010
1217092005011
1217092005012
1217092005013
1217092005014
1217092002009
1217092002010
1217092002011
1217092002012
1217092002013
1217092002014
1217092002008
1217092004008
1217092004009
1217092004010
1217092004011
1217092004012
1217092004013
1217092004014
1217092003008
1217092003009
1217092003010
1217092003011
1217092003012
1217092003013
1217092003014
1217309005009
1217309005010
1217309005011
1217309005012
1217309005013
1217309005014
1217309001009
1217309001010
1217309001011
1217309001012
1217309001013
1217309001014
1217309006009
1217309006010
1217309006011
1217309006012
1217309006013
1217309006014
1217309003009
1217309003010
1217309003011
1217309003012
1217309003013
1217309003014
1217309002009
1217309002010
1217309002011
1217309002012
1217309002013
1217309002014
1217309004009
1217309004010
1217309004011
1217309004012
1217309004013
1217309004014
1217655005008
1217655005009
1217655005010
1217655005011
1217655005012
1217655005013
1217655001008
1217655001009
1217655001010
1217655001011
1217655001012
1217655001013
1217655001025
1218130001001
1218132001001
1218183003001
1218195001001
1218651001001
1218651002001
1218837001005
1218998001001
1218998005001
1218998003001
1219001001001
1219010002005
1219010001005
1219010004005
1219010005005
1219205001001
1219337001001
1219436001001
1219436002001
1219436003001
1219436004001
1219441001001
1219441004001
1219441005001
1219441006001
1219441002001
1219441003001
1219442001009
1219442001010
1219442001011
1219442001012
1219442001013
1219442001014
1219442002009
1219442002010
1219442002011
1219442002012
1219442002013
1219442002014
1219732001001
1219733001001
1219763001001
1219767001001
1219770001001
1220061001001
1220062001001
1220502003029
1220502004029
1220502011029
1220502012029
1220502001029
1220502002029
1221619001001
1221619002001
1221619004001
1221619003001
1222013002010
1222013002011
1222013002012
1222013002013
1222013002014
1222013002015
1222013001010
1222013001011
1222013001012
1222013001013
1222013001014
1222013001015
1222123001009
1222123001010
1222123001011
1222123001012
1222123001013
1222123001014
1222123001008
1222123005009
1222123005010
1222123005011
1222123005012
1222123005013
1222123005014
1222123005008
1222123002009
1222123002010
1222123002011
1222123002012
1222123002013
1222123002014
1222123004009
1222123004010
1222123004011
1222123004012
1222123004013
1222123004014
1222123004008
1222123003008
1222123003009
1222123003010
1222123003011
1222123003012
1222123003013
1222123003014
1222249004009
1222249004010
1222249004011
1222249004012
1222249004013
1222249004014
1222249006009
1222249006010
1222249006011
1222249006012
1222249006013
1222249006014
1222249010009
1222249010010
1222249010011
1222249010012
1222249010013
1222249010014
1222249001009
1222249001010
1222249001011
1222249001012
1222249001013
1222249001014
1222249002009
1222249002010
1222249002011
1222249002012
1222249002013
1222249002014
1222249003009
1222249003010
1222249003011
1222249003012
1222249003013
1222249003014
1222693001004
1222693002004
1222693004004
1222693006004
1222762001001
1222764001001
1222765001001
1222768001001
1222769001001
1222771001001
1222771002001
1222771003001
1222772001001
1222773001001
1223577002009
1223577002010
1223577002011
1223577002012
1223577002013
1223577002014
1223577002008
1223577013009
1223577013010
1223577013011
1223577013012
1223577013013
1223577013014
1223577012009
1223577012010
1223577012011
1223577012012
1223577012013
1223577012014
1223577001009
1223577001010
1223577001011
1223577001012
1223577001013
1223577001014
1223577001008
1223577006008
1223577006009
1223577006010
1223577006011
1223577006012
1223577006013
1223577006014
1223577004008
1223577004009
1223577004010
1223577004011
1223577004012
1223577004013
1223577004014
1223577003008
1223577003009
1223577003010
1223577003011
1223577003012
1223577003013
1223577003014
1224013001001
1224013002001
1224014001001
1224014002001
1224015001001
1224015002001
1224029002001
1224356002002
1224356006002
1224356003002
1224356007002
1224356001002
1224358002004
1224358006004
1224358003004
1224358007004
1224358001004
1224359002005
1224359006005
1224359003005
1224359007005
1224359001005
1224452001008
1224452001009
1224452001010
1224452001011
1224452001012
1224452001013
1224452001022
1224452002008
1224452002009
1224452002010
1224452002011
1224452002012
1224452002013
1224452002022
1224529001026
1224529003026
1224529002026
1224777001001
1224777003001
1225206001001
1225235001028
1225377001011
1225377001012
1225377001013
1225377001014
1225377001015
1225377001016
1225377002011
1225377002012
1225377002013
1225377002014
1225377002015
1225377002016
1225377003011
1225377003012
1225377003013
1225377003014
1225377003015
1225377003016
1225377004011
1225377004012
1225377004013
1225377004014
1225377004015
1225377004016
1225377005011
1225377005012
1225377005013
1225377005014
1225377005015
1225377005016
1225464009009
1225464009010
1225464009011
1225464009012
1225464009013
1225464009014
1225464010009
1225464010010
1225464010011
1225464010012
1225464010013
1225464010014
1225464001009
1225464001010
1225464001011
1225464001012
1225464001013
1225464001014
1225464004009
1225464004010
1225464004011
1225464004012
1225464004013
1225464004014
1225464006009
1225464006010
1225464006011
1225464006012
1225464006013
1225464006014
1225464005009
1225464005010
1225464005011
1225464005012
1225464005013
1225464005014
1225464002009
1225464002010
1225464002011
1225464002012
1225464002013
1225464002014
1225906001001
1225907001001
1225946001001
1225952002001
1226668001001
1226683004064
1226683001064
1226683002064
1226740001008
1226740002008
1226741001004
1226741002004
1226749001010
1226749001011
1226749001012
1226749001013
1226749001014
1226768002011
1226768002012
1226768002013
1226768002014
1226768002015
1226768003011
1226768003012
1226768003013
1226768003014
1226768003015
1226768001011
1226768001012
1226768001013
1226768001014
1226768001015
1227074001001
1227078001001
1227080001001
1227094001008
1227094002008
1227094003008
1227095001025
1227095002025
1227095003025
1227102001001
1227428010010
1227428010011
1227428010012
1227428010013
1227428010014
1227428010015
1227428017010
1227428017011
1227428017012
1227428017013
1227428017014
1227428017015
1227428005010
1227428005011
1227428005012
1227428005013
1227428005014
1227428005015
1227428004010
1227428004011
1227428004012
1227428004013
1227428004014
1227428004015
1227428007010
1227428007011
1227428007012
1227428007013
1227428007014
1227428007015
1227428006010
1227428006011
1227428006012
1227428006013
1227428006014
1227428006015
1227428003010
1227428003011
1227428003012
1227428003013
1227428003014
1227428003015
1227428002010
1227428002011
1227428002012
1227428002013
1227428002014
1227428002015
1227428001010
1227428001011
1227428001012
1227428001013
1227428001014
1227428001015
1227430001009
1227430001010
1227430001011
1227430001012
1227430001013
1227430001014
1227450001001
1227670001001
1227670002001
1227689001009
1227689001010
1227689001011
1227689001012
1227689001013
1227689001014
1227689002009
1227689002010
1227689002011
1227689002012
1227689002013
1227689002014
1227689003009
1227689003010
1227689003011
1227689003012
1227689003013
1227689003014
1227720001009
1227720001010
1227720001011
1227720001012
1227720001013
1227720001014
1227766005011
1227766005012
1227766005013
1227766005014
1227766005015
1227766005016
1227766001011
1227766001012
1227766001013
1227766001014
1227766001015
1227766001016
1227766006011
1227766006012
1227766006013
1227766006014
1227766006015
1227766006016
1227766007011
1227766007012
1227766007013
1227766007014
1227766007015
1227766007016
1227766004011
1227766004012
1227766004013
1227766004014
1227766004015
1227766004016
1227766002011
1227766002012
1227766002013
1227766002014
1227766002015
1227766002016
1227766003011
1227766003012
1227766003013
1227766003014
1227766003015
1227766003016
1227914002001
1227914001001
1227915003001
1227938001001
1227955001011
1227955001012
1227955001013
1227955001014
1227955001015
1227955001016
1227955002011
1227955002012
1227955002013
1227955002014
1227955002015
1227955002016
1228101002019
1228218004002
1228218004003
1228218004001
1228218003002
1228218003003
1228218003001
1228218008002
1228218008003
1228218007002
1228218007003
1228218001002
1228218001003
1228218001001
1228218005001
1228218005002
1228218005003
1228273001001
1228273002001
1228273003001
1228273004001
1228274001020
1228274002020
1228274003020
1228276001001
1228276002001
1228276003001
1228711001009
1228711001010
1228711001011
1228711001012
1228711001013
1228711001014
1228741005009
1228741005010
1228741005011
1228741005012
1228741005013
1228741005014
1228741003009
1228741003010
1228741003011
1228741003012
1228741003013
1228741003014
1228741004009
1228741004010
1228741004011
1228741004012
1228741004013
1228741004014
1228767001002
1228767001003
1228929001001
1228930001001
1228934001001
1228935001001
1228936001001
1228937001001
1228984003010
1228984003011
1228984003012
1228984003013
1228984003014
1228984003015
1228984005010
1228984005011
1228984005012
1228984005013
1228984005014
1228984005015
1228984006010
1228984006011
1228984006012
1228984006013
1228984006014
1228984006015
1228984007010
1228984007011
1228984007012
1228984007013
1228984007014
1228984007015
1228984001010
1228984001011
1228984001012
1228984001013
1228984001014
1228984001015
1228984008010
1228984008011
1228984008012
1228984008013
1228984008014
1228984008015
1228984011010
1228984011011
1228984011012
1228984011013
1228984011014
1228984011015
1228984010010
1228984010011
1228984010012
1228984010013
1228984010014
1228984010015
1229014001001
1229342003001
1229342001001
1229343003001
1229343001001
1229422003008
1229422003009
1229422003010
1229422003011
1229422003012
1229422003013
1229422001008
1229422001009
1229422001010
1229422001011
1229422001012
1229422001013
1229422002008
1229422002009
1229422002010
1229422002011
1229422002012
1229422002013
1229422004008
1229422004009
1229422004010
1229422004011
1229422004012
1229422004013
1229593001012
1229593002012
1229665001009
1229665001010
1229665001011
1229665001012
1229665001013
1229665001014
1229736003001
1229736001001
1229972001001
1230434001009
1230434001010
1230434001011
1230434001012
1230434001013
1230434001014
1230434002009
1230434002010
1230434002011
1230434002012
1230434002013
1230434002014
1230434003009
1230434003010
1230434003011
1230434003012
1230434003013
1230434003014
1230483003009
1230483003010
1230483003011
1230483003012
1230483003013
1230483003014
1230483001009
1230483001010
1230483001011
1230483001012
1230483001013
1230483001014
1230483002009
1230483002010
1230483002011
1230483002012
1230483002013
1230483002014
1230873016009
1230873016010
1230873016011
1230873016012
1230873016013
1230873016014
1230873013009
1230873013010
1230873013011
1230873013012
1230873013013
1230873013014
1230873001011
1230873001010
1230873001009
1230873001013
1230873001014
1230873001012
1230873014009
1230873014010
1230873014011
1230873014012
1230873014013
1230873014014
1230873002008
1230873002009
1230873002010
1230873002011
1230873002012
1230873002013
1230873002014
1230873003008
1230873003009
1230873003010
1230873003011
1230873003012
1230873003013
1230873003014
1230873005008
1230873005009
1230873005010
1230873005011
1230873005012
1230873005013
1230873005014
1230873010008
1230873010009
1230873010010
1230873010011
1230873010012
1230873010013
1230873010014
1230876001011
1230876002011
1231008002003
1231008001003
1231502001001
1231746005009
1231746005010
1231746005011
1231746005012
1231746005013
1231746005014
1231746007009
1231746007010
1231746007011
1231746007012
1231746007013
1231746007014
1231746008009
1231746008010
1231746008011
1231746008012
1231746008013
1231746008014
1231746001009
1231746001010
1231746001011
1231746001012
1231746001013
1231746001014
1231746002009
1231746002010
1231746002011
1231746002012
1231746002013
1231746002014
1231746003009
1231746003010
1231746003011
1231746003012
1231746003013
1231746003014
1231831003001
1231831001001
1231831002001
1232152002005
1232209001011
1232209001012
1232209001013
1232209001014
1232209001015
1232209002010
1232209002011
1232209002012
1232209002013
1232209002014
1232209002015
1232250001004
1232250002004
1232268001059
1232271001008
1232295001001
1232297001001
1232298001001
1232299001001
1232300001001
1232301001001
1232302001001
1232466001009
1232466001010
1232466001011
1232466001012
1232466001013
1232466001014
1232466005009
1232466005010
1232466005011
1232466005012
1232466005013
1232466005014
1232466006009
1232466006010
1232466006011
1232466006012
1232466006013
1232466006014
1232466002009
1232466002010
1232466002011
1232466002012
1232466002013
1232466002014
1232466003009
1232466003010
1232466003011
1232466003012
1232466003013
1232466003014
1232666001008
1232666002008
1232666004008
1232903001001
1232910004010
1232910004011
1232910004012
1232910004013
1232910004014
1232910004015
1232910005010
1232910005011
1232910005012
1232910005013
1232910005014
1232910005015
1232910006010
1232910006011
1232910006012
1232910006013
1232910006014
1232910006015
1232947001008
1232947001009
1232947001010
1232947001011
1232947001012
1232947001013
1232947003008
1232947003009
1232947003010
1232947003011
1232947003012
1232947003013
1233186003011
1233186003012
1233186003013
1233186003014
1233186003015
1233186003016
1233186001010
1233186001011
1233186001012
1233186001013
1233186001014
1233186001015
1233186001016
1233258001008
1233258002008
1233258003008
1233258004008
1233260001004
1233260002004
1233260003004
1233260004004
1233262001003
1233262003003
1233262002003
1233262004003
1233358001001
1233359001001
1233365001001
1233533001008
1233533001009
1233533001010
1233533001011
1233533001012
1233533001013
1233600002015
1233600001015
1233600003015
1234142001001
1234536001001
1234574003008
1234574003009
1234574003010
1234574003011
1234574003012
1234574003013
1234574001008
1234574001009
1234574001010
1234574001011
1234574001012
1234574001013
1235424001005
1235424002005
1235803001001
1235953001001
1236463001001
1236711002015
1236711005015
1236711003015
1236945001008
1236945001009
1236945001010
1236945001011
1236945001012
1236945001013
1237042001001
1237277001012
1237494001004
1237497001012
1237663001011
1237663003011
1237663002011
1237665001008
1237665003008
1237665002008
1237666001004
1237666003004
1237666002004
1237868001001
1237868002001
1237927002001
1237927001001
1237928002001
1237928001001
1238339001001
1238435002001
1238718001009
1238718001010
1238718001011
1238718001012
1238718001013
1238718001014
1238718002009
1238718002010
1238718002011
1238718002012
1238718002013
1238718002014
1239373001004
1239373002004
1239373003004
1239373004004
1240385001008
1240385001009
1240385001010
1240385001011
1240385001012
1240385001013
1240385002008
1240385002009
1240385002010
1240385002011
1240385002012
1240385002013
1240542001001
1241189001051
1241189002051
1241197001055
1241197002055
1241504002008
1241504002009
1241504002010
1241504002011
1241504002012
1241504002013
1241504010008
1241504010009
1241504010010
1241504010011
1241504010012
1241504010013
1241504003008
1241504003009
1241504003010
1241504003011
1241504003012
1241504003013
1241634001068
1241634003068
1241634002068
1242036001001
1242113001001
1243659002001
1243659001001
1243813001002
1243813003002
1243813002002
1244254002008
1244254008008
1244254004008
1244254006008
1244254009008
1244254010008
1244254001008
1244254003008
1244254005008
1244254007008
1244255001025
1244255002025
1244255008025
1244255003025
1244255004025
1244255006025
1244255009025
1244255010025
1244255005025
1244255007025
1244678001018
1244678001019
1244678001020
1244678001021
1244678001022
1244678001023
1244678001024
1244678001032
1249580002006
1249580002007
1249580002008
1249580002009
1249580002010
1249580001006
1249580001007
1249580001008
1249580001009
1249580001010
1249580005006
1249580005007
1249580005008
1249580005009
1249580005010
1249580006006
1249580006007
1249580006008
1249580006009
1249580006010
1249580004006
1249580004007
1249580004008
1249580004009
1249580004010
1249580003006
1249580003007
1249580003008
1249580003009
1249580003010
1251004001058
1251004002058