0107713
0458465
0458503
0458529
0460912
0460914
0477027
0531997
0553614
0579381
0629187
0630465
0633039
0633064
0644385
0653275
0696742
0703215
0704010
0718151
0742967
0747778
0747797
0747936
0768417
0791899
0802828
0811481
0813460
0814403
0820186
0824382
0832720
0833967
0848429
0849701
0861479
0861480
0867157
0867558
0868631
0878847
0878848
0881846
0886737
0887421
0888321
0888322
0895992
0897504
0897909
0899904
0902431
0904349
0912078
0912079
0913973
0927082
0930119
0930305
0934888
0935610
0946616
0946617
0946625
0946628
0949631
0951657
0958893
0962778
0962780
0965970
0971736
0973839
0974198
0975206
0977054
0978084
0978627
0980861
0983967
0986876
0987846
0987919
0989018
0989205
0991609
0992815
0993381
0995539
0995571
0995634
0998626
1000738
1000739
1000740
1000936
1005848
1007802
1008025
1010113
1012617
1018939
1020891
1020895
1022528
1023108
1023315
1025404
1026753
1026829
1028613
1028693
1031859
1031861
1031862
1032332
1033476
1034985
1038735
1039973
1040919
1041277
1041734
1043564
1043565
1046006
1048544
1052086
1052559
1057760
1058368
1058369
1060589
1066168
1067094
1069182
1069184
1070399
1070995
1072160
1072161
1073357
1075451
1076715
1076716
1076718
1076719
1077492
1077505
1077771
1078064
1078350
1078852
1080186
1084721
1085365
1086210
1087851
1090157
1090402
1091311
1091453
1092337
1092928
1092946
1096571
1096574
1096692
1097301
1097303
1097305
1097511
1098353
1098681
1101100
1106954
1111955
1113450
1113515
1115511
1116923
1118242
1118243
1119908
1120585
1121174
1121196
1122995
1123072
1123621
1123736
1124569
1124570
1127275
1127658
1127675
1127676
1127677
1130183
1132971
1134877
1138556
1140294
1143646
1146308
1146628
1147493
1148263
1148325
1149559
1152378
1154683
1157038
1157432
1158018
1158129
1158136
1160288
1163823
1165297
1165641
1165659
1166249
1166837
1170810
1170819
1170895
1170896
1170897
1171783
1171786
1172292
1172575
1172578
1172965
1173799
1173849
1173914
1174045
1174134
1175484
1175485
1176038
1176039
1176342
1176399
1176451
1177356
1177357
1177358
1177366
1177704
1178411
1178477
1179571
1179572
1181061
1181063
1182219
1182237
1182893
1183369
1183917
1184467
1184468
1184859
1184862
1186337
1186370
1186478
1187323
1187329
1187808
1187809
1187815
1188499
1188864
1189190
1190054
1190594
1191045
1191754
1192031
1192706
1192767
1194508
1196099
1196165
1196171
1196176
1196184
1196636
1197095
1197457
1197802
1197805
1198050
1198228
1198468
1198625
1198628
1199431
1199710
1199713
1199755
1200017
1200018
1200113
1200444
1200807
1200867
1200938
1201083
1201084
1201329
1201366
1201682
1201718
1201732
1201796
1201810
1202000
1202057
1202059
1202402
1202523
1203126
1203163
1203550
1203911
1204025
1204180
1204775
1204798
1204799
1205074
1205075
1205077
1205078
1205080
1205445
1205446
1205588
1205589
1205637
1205646
1205654
1205847
1205851
1205890
1206055
1206078
1206365
1206568
1206570
1206631
1206634
1206662
1206935
1206936
1206939
1206977
1207250
1207301
1207728
1207800
1207801
1207918
1208017
1208145
1208258
1208304
1208410
1208550
1208593
1208606
1208618
1208679
1208697
1208829
1209206
1209529
1209618
1209699
1209990
1210109
1210251
1210253
1210254
1210428
1210569
1210572
1210809
1210868
1211228
1211230
1211252
1211253
1211310
1211408
1211631
1211725
1211929
1212448
1212594
1212595
1213132
1213134
1213139
1213144
1213145
1213190
1213465
1213660
1213801
1214016
1214134
1214165
1214456
1214460
1214591
1214754
1216319
1216630
1216925
1217061
1217092
1217309
1217655
1218130
1218132
1218183
1218195
1218651
1218837
1218998
1219001
1219010
1219205
1219337
1219436
1219441
1219442
1219732
1219733
1219763
1219767
1219770
1220061
1220062
1220502
1221619
1222013
1222123
1222249
1222693
1222762
1222764
1222765
1222768
1222769
1222771
1222772
1222773
1223577
1224013
1224014
1224015
1224029
1224356
1224358
1224359
1224452
1224529
1224777
1225206
1225235
1225377
1225464
1225906
1225907
1225946
1225952
1226668
1226683
1226740
1226741
1226749
1226768
1227074
1227078
1227080
1227094
1227095
1227102
1227428
1227430
1227450
1227670
1227689
1227720
1227766
1227914
1227915
1227938
1227955
1228101
1228218
1228273
1228274
1228276
1228711
1228741
1228767
1228929
1228930
1228934
1228935
1228936
1228937
1228984
1229014
1229342
1229343
1229422
1229593
1229665
1229736
1229972
1230434
1230483
1230873
1230876
1231008
1231502
1231746
1231831
1232152
1232209
1232250
1232268
1232271
1232295
1232297
1232298
1232299
1232300
1232301
1232302
1232466
1232666
1232903
1232910
1232947
1233186
1233258
1233260
1233262
1233358
1233359
1233365
1233533
1233600
1234142
1234536
1234574
1235424
1235803
1235953
1236463
1236711
1236945
1237042
1237277
1237494
1237497
1237663
1237665
1237666
1237868
1237927
1237928
1238339
1238435
1238718
1239373
1240385
1240542
1241189
1241197
1241504
1241634
1242036
1242113
1243659
1243813
1244254
1244255
1244678
1249580
1251004