0179950
0436083
0501620
0512989
0516859
0523936
0570002
0570003
0570033
0572998
0578630
0608945
0624684
0624901
0649098
0656677
0662369
0666392
0683124
0684021
0685816
0697920
0713986
0714026
0733803
0735094
0753475
0754792
0811993
0816759
0827792
0839915
0846933
0871889
0875105
0875635
0879944
0910528
0916750
0920172
0929326
0934389
0942854
0944370
0944610
0944718
0944720
0945059
0945169
0945531
0948439
0948441
0950093
0950733
0951150
0954232
0956308
0956343
0957503
0960713
0963087
0963684
0967154
0967955
0970816
0970817
0970818
0970819
0972640
0973277
0974406
0974629
0975845
0975852
0976709
0979945
0983378
0983738
0986211
0990413
0992042
0992793
0993762
0994088
0998802
0999882
1001223
1002227
1003662
1008549
1010387
1011890
1013956
1014097
1016787
1024256
1024711
1025457
1028144
1030453
1031523
1032522
1034065
1035207
1035679
1036336
1036739
1037118
1042057
1055751
1059293
1059322
1061394
1063055
1063563
1064346
1065091
1065654
1070252
1070268
1070271
1070934
1071837
1073337
1073567
1074295
1074406
1079097
1079117
1079175
1082059
1082837
1083022
1083084
1084217
1087261
1092288
1093882
1094661
1095191
1098566
1099776
1101783
1104277
1104327
1106189
1107360
1109636
1109752
1112113
1112996
1113879
1115592
1116080
1116123
1117683
1124084
1125510
1127523
1127637
1128495
1128506
1129527
1129749
1129809
1129812
1132416
1132420
1132992
1133475
1137208
1137317
1138662
1139723
1140028
1140892
1143405
1144205
1144208
1145282
1147707
1148361
1151390
1151831
1153421
1153851
1154451
1154503
1154509
1157660
1158014
1158017
1158561
1158565
1159067
1159168
1159410
1160345
1160688
1160969
1161770
1161779
1161845
1162392
1163238
1164182
1165059
1165664
1171307
1172154
1172816
1173544
1173636
1173697
1175395
1176548
1178937
1179766
1181202
1182614
1183921
1184630
1184706
1184908
1184929
1185543
1185606
1185608
1187872
1188479
1190346
1193900
1195560
1195824
1195848
1195936
1196620
1197409
1197506
1197511
1197601
1197602
1197603
1197604
1198129
1198282
1198284
1198343
1198431
1198432
1198480
1198925
1199191
1199249
1199302
1199312
1199689
1199843
1199857
1200154
1200645
1201142
1201193
1201241
1201712
1201715
1201719
1202478
1202536
1202778
1202784
1202812
1202813
1202831
1202833
1202837
1203027
1203043
1203518
1203803
1203810
1204210
1204756
1204761
1204832
1204887
1204905
1204998
1205922
1206074
1206236
1206248
1206249
1206582
1206596
1206599
1206600
1206602
1206609
1206614
1206615
1206628
1206871
1206884
1206923
1207349
1207360
1207443
1207510
1207731
1207768
1207871
1207894
1207916
1207927
1207938
1207944
1208339
1208745
1208752
1208998
1209027
1209047
1209048
1209055
1209094
1209183
1209199
1209443
1209534
1209685
1209690
1209724
1209773
1209798
1210038
1210197
1210301
1210389
1210471
1210576
1210630
1210671
1210714
1210801
1210844
1210934
1210963
1210972
1211133
1211138
1211281
1211442
1211578
1211579
1211757
1211995
1212093
1212157
1212577
1212583
1212593
1212624
1212664
1212668
1212696
1212700
1212733
1212773
1212779
1212805
1212806
1213120
1213165
1213293
1213787
1213858
1213860
1214143
1214144
1214145
1214146
1214177
1214200
1214225
1214235
1214240
1214242
1214410
1214434
1214438
1214439
1214442
1214854
1214915
1214949
1215185
1215231
1215232
1215245
1215248
1215257
1215541
1215629
1215872
1215963
1216104
1216311
1216321
1216501
1216526
1216644
1216814
1216816
1216827
1216851
1216855
1216861
1217057
1217795
1217796
1217855
1218128
1218339
1218375
1218432
1218533
1218566
1218582
1218603
1218666
1218674
1219050
1219132
1219315
1219357
1219404
1219444
1219449
1219459
1219462
1219719
1219727
1220150
1220336
1220649
1221005
1221046
1221195
1221323
1221324
1221325
1221328
1221373
1221375
1221557
1221796
1222138
1222191
1222280
1222314
1222368
1222469
1222598
1222631
1222633
1222645
1222681
1222699
1222700
1222750
1222839
1222925
1222927
1223013
1223014
1223015
1223045
1223060
1223070
1223110
1223138
1223204
1223210
1223352
1223354
1223367
1223510
1223668
1223752
1223835
1224081
1224123
1224129
1224180
1224295
1224314
1224416
1224419
1224431
1224440
1224449
1224453
1224477
1224478
1224513
1224632
1224687
1224688
1224689
1224746
1224760
1224809
1224843
1224849
1224852
1224862
1224911
1224915
1224929
1224942
1224948
1224955
1224962
1224975
1225054
1225073
1225093
1225132
1225159
1225187
1225191
1225195
1225247
1225324
1225330
1225337
1225354
1225438
1225461
1225483
1225598
1225609
1225648
1225657
1225678
1225755
1225799
1225999
1226013
1226014
1226050
1226078
1226079
1226200
1226285
1226431
1226526
1226634
1226639
1227043
1227155
1227157
1227188
1227191
1227232
1227249
1227275
1227342
1227358
1227443
1227560
1227564
1227727
1227825
1228144
1228147
1228156
1228206
1228404
1228439
1228446
1228469
1228511
1228514
1228528
1228761
1228829
1228830
1228855
1228858
1228860
1228872
1228904
1228938
1228973
1229032
1229033
1229034
1229069
1229105
1229137
1229249
1229251
1229255
1229293
1229296
1229310
1229321
1229328
1229330
1229579
1229580
1229664
1229804
1229808
1229819
1229822
1229831
1229879
1229906
1229960
1230001
1230063
1230242
1230264
1230461
1230495
1230526
1230538
1230544
1230555
1230610
1230683
1230707
1230816
1230818
1230823
1230881
1230882
1230963
1231004
1231065
1231081
1231090
1231096
1231139
1231363
1231380
1231659
1231665
1231734
1231742
1231844
1231876
1231879
1231883
1231904
1231956
1231957
1232067
1232124
1232130
1232253
1232470
1232481
1232514
1232550
1232554
1232558
1232559
1232560
1232573
1232649
1232778
1232797
1232908
1233060
1233086
1233092
1233102
1233111
1233227
1233276
1233353
1233356
1233414
1233490
1233493
1233564
1233769
1233796
1233814
1234387
1234415
1234454
1234488
1234514
1234515
1234731
1234741
1234742
1234765
1234782
1234784
1234786
1234801
1234805
1234989
1234995
1235007
1235019
1235031
1235099
1235147
1235183
1235222
1235394
1235407
1235438
1235448
1235809
1236033
1236040
1236052
1236129
1236193
1236202
1236330
1236411
1236461
1236523
1236571
1236572
1236605
1236628
1236692
1236698
1236703
1236798
1236805
1236818
1237111
1237168
1237176
1237252
1237253
1237266
1237281
1237285
1237308
1237428
1237441
1237449
1237568
1237574
1237586
1237626
1237719
1237720
1237726
1237730
1237732
1237738
1237740
1237988
1238075
1238081
1238124
1238132
1238203
1238251
1238324
1238396
1238683
1238714
1238733
1238736
1238815
1238908
1238959
1239113
1239132
1239140
1239150
1239246
1239247
1239250
1239251
1239854
1239913
1239945
1239976
1239978
1240059
1240081
1240086
1240099
1240150
1240151
1240152
1240153
1240154
1240155
1240157
1240158
1240166
1240167
1240168
1240173
1240174
1240175
1240177
1240213
1240214
1240215
1240230
1240243
1240356
1240471
1240494
1240500
1240522
1240561
1240718
1240731
1240807
1240846
1240848
1240859
1240866
1240872
1240875
1241199
1241204
1241302
1241306
1241335
1241337
1241342
1241442
1241533
1241534
1241543
1241547
1241548
1241550
1241558
1241628
1241659
1241661
1241666
1241672
1241754
1241755
1241756
1241757
1241880
1241913
1242166
1242281
1242292
1242297
1242301
1242373
1242374
1242812
1243194
1243288
1243451
1243573
1243927
1243990
1244002
1244011
1244013
1244019
1244405
1244573
1244754
1244807
1245380
1245399
1245408
1245409
1245566
1245782
1245825
1245882
1245883
1245890
1245915
1245925
1245927
1245929
1245934
1245980
1245997
1246008
1246010
1246011
1246162
1247222
1247401
1247418
1247746
1247917
1247919
1247922
1247923
1248095
1248179
1248209
1248295
1248608
1248660
1248742
1249113
1249114
1249500
1249840
1249841
1249943
1249975
1251342
1251398
1252288
1252606
1253318
1253818
1253913
1254556
1255272
1257198