1241303
1242564
1237780
1242249
1243120
1258075
1241947
1242122
1245275
1258076
1243736
1245298
1245527
1245944
1242558
1242405
1243735
1238627
1244528
1258081
1258147
1245947
1237457
1244527
1241175
1241173
1245530
1258082
1257244
1245945
1241903
1244526
1245946
1241177
1258080
1242498
1254855
1258077
1258078
1244440
1244529
1241176
1242034
1241180
1242148
1241172
1242410
1257080
1241307
1244827
1236984
1241200
1241969
1228388
1241971
1241968
1241970
1236860
1242409
1242406
1242408
1250111
1242557
1243121
1243122
1250383
1242559
1236953
1237783
1237788
1237784
1237782
1206615
1206614
1206609
1206602
1206884
1206603
1206871
1212668
1213138
1204851
1204998
1212664
1204832
1204887
1228944
1187850
1232665
1206055
1232534
1233251
1200489
1232535
1205446
1239335
1237919
1235403
1184349
1232692
1106954
1238642
1236914
1238247
1223847
1237920
1206795
1180423
1232611
0991955
1236916
1236915
1239691
1193493
1190521
1231093
1205445
1232612
1239896
0696742
1225306
1127675
1222693
1246066
1127678
1232636
1218998
1231803
1218997
1250836
1241227
1234328
1187849
1234330
1241226
1242114
1237662
1187847
1233360
1234333
1253200
1239323
1242113
1232536
0655211
1237927
1239333
1243659
1237928
1241656
1235298
1246199
1233289
1239772
1214398
1239586
1239852
1168051
1187808
1232666
0867166
0868220
0389528
0988110
0897504
0188590
0703216
0655210
0579381
1183149
1179957
0704900
1206631
1170810
0644466
1226525
0975336
1206445
1206977
0991755
1237665
1076716
1228274
1076718
1076719
1177357
1090157
1038735
1207164
1186478
0888321
1177356
0633039
1187815
1240217
1238737
1236713
1238742
1238749
1238741
1238723
1238724
1236908
1237614
1236118
1189557
1241036
1261279
1232381
1165482
1241038
1224970
1256053
1253484
1247253
1253524
1253496
1253493
1253389
1258300
1252088
1253404
1258677
1234628
1244439
1228381
1196889
1231260
1250692
1237159
1247530
1254798
1261718
1232327
1256852
1256360
1235670
1250690
1240113
1245253
1254196
1250822
1250649
1253162
1253274
1258299
1240110
1242038
1251484
1231406
1246503
1255044
1256427
1241067
1173015
1226321
1161567
1253163
1253171
1253874
1250823
1232043
1250824
1242107
1254762
1239042
1253872
1253875
1253889
1253890
1241655
1236695
1260342
1243942
1232198
1253873
1231966
1254224
1249448
1238940
1253170
1246194
1241557
1259713
1023188
1164561
1242014
1253164
1253886
1254225
1229009
1246263
1253497
1253388
1253405
1249569
1249570
1253169
1253499
1253895
1253625
1260343
1215608
1250758
1253894
1257434
1258978
1258979
1254346
1244851
1233841
1241464
1253174
1253863
1243993
1248175
1244791
1254226
1255894
1255435
1259350
1240430
1253175
1253862
1254228
1254236
1236694
1254438
1253893
1256861
1258674
1253172
1253173
1255170
1255171
1236682
1253176
1256687
1258019
1256437
1256131
1256132
1228940
1237660
1174114
1213126
1234545
1237661
1241634
1211308
1246973
1239659
1241668
1229017
1228943
1232581
1235650
1242848
1236587
1210109
1228929
1227938
1140294
1219958
1211306
1232580
1231498
1231831
1228939
1236935
1238780
1238781
1235649
0907277
1225656
1183153
1170811
1039976
0974198
1046063
1216480
1211310
1209699
0888322
1196184
1161459
1227074
1232903
1227095
1177358
1237315
1245409
1241337
0970819
1242812
1234741
0970818
1198432
1228514
1235222
1228521
1227956
1227157
1227155
1228439
1238203
1249530
1230818
1228404
1248812
0973277
1013956
1239854
1212805
1233256
0685816
0963662
1032522
1128263
0871889
1230836
1234796
0922700
1228437
1234775
1232558
1237416
1236225
1045459
1232470
1236071
1214177
1235436
1078511
1237626
1241449
1210963
0684021
1002227
1231416
1231957
1096385
1242503
1234697
1224098
1227727
1246162
1216651
1239902
1121368
1232778
1228446
1230816
1150469
1133068
1226255
0579541
1237320
1230564
1206236
1223110
1224090
1035873
1225017
1246941
1207354
0939703
1222525
1056633
1210630
1234153
1220978
1241335
1225461
1109636
1242293
1240356
1247216
1240909
1198431
1199249
0688916
1212700
0570003
1163471
1238825
1234742
0633152
0941119
1236909
1233268
0999727
1226254
1237438
1234748
1241395
1003662
1240059
1241905
0456163
1225609
1243048
1089775
0982708
1228206
1237428
1231204
0762558
0916750
1234778
1143149
1247711
1240226
1243199
1229310
1212392
1130010
1246803
1239276
1238099
1239255
1243288
1217576
1099675
1254614
0979945
1240700
1235366
1074402
1239088
1229808
1241343
1231425
1246321
1255272
1239440
1253725
1239339
1225488
1246117
0659808
1237367
1252034
1173636
1106189
1245719
1217790
1238132
1213128
1101074
1245884
1234798
1152096
1222211
1046116
1253413
0882925
1261418
1240471
1234995
1235414
0975845
1244834
1233207
1238419
1246356
1172763
1243139
1234696
1247995
1231883
1239500
1232515
1232559
1233102
1106722
1224975
1236906
0863595
1085414
1229229
1236297
1236559
1232466
1158014
1234149
1214786
1249805
1235863
1011828
1234744
1236698
1226261
1251855
1245604
1035207
1075329
1011909
1246217
1239935
1157335
1230873
1209140
1233111
1228532
0890930
1240445
1249512
1126242
1228156
1226285
0743530
1247022
1252943
1224190
1241342
1236229
1228147
1235852
1231783
1224186
1236894
1242090
1237446
1250741
1142908
1218178
1145712
1228838
1238341
0688728
1239067
1236232
1129809
1249499
1211585
1213772
1240497
1137208
1229908
1169913
1230661
1163560
1254666
1246851
1096931
1230538
1200792
1252571
0578630
1158565
1143058
1216949
1187872
1245672
0764758
1238852
1199689
0922706
1235448
1239458
1241749
1234581
1011444
1255494
1250800
1239450
1247834
1024711
1189304
1168049
1089811
1238951
1239273
1225485
0996759
1209691
1241393
1254872
1234784
1243809
1247339
1096687
1236616
1099843
1239133
1230950
1085413
1234769
1249485
1250201
1247209
1236879
1231066
1226697
1238592
1239131
1248677
1256399
1241106
1249861
1234793
1232584
1240875
1248332
1005941
1226252
1230485
1237473
1229982
1225178
1252262
1247790
0751471
1235324
1236692
1176512
1246357
1246032
1146165
1239423
1222314
1241440
1230916
0594177
1231418
1237266
1243438
1208548
1223753
1205890
1160381
1228978
1248325
1241229
1203084
1243933
1251482
1234503
1256605
1243184
1229171
1240882
1242032
1240602
1134422
1244217
1243192
1255446
1239454
1238096
1125924
1206002
1191700
1206560
1245395
1239771
1239805
1231767
1243798
1235465
1240099
1240961
0841808
1235413
1239774
1206854
1236872
1066903
1238606
1229206
1232498
1061299
0972640
1246849
1028144
1241427
1246290
1212691
1243729
1236650
1212699
1232312
1025457
1199187
1245505
1109561
1235422
1241187
1078507
1123215
1249243
1249754
1093790
1219083
1152931
1196145
1240986
1226021
1237829
1232212
1065654
1247030
1240866
1231975
1237776
1260551
1229879
1240985
1233549
1257129
1238101
1239684
1080623
1237747
1241084
1029317
0795243
1232588
1169150
1245729
1234683
1246058
1230683
1235281
1225195
1129534
1231987
1246830
1213465
1240901
1236951
1238595
1118563
1179415
1248265
1236577
1241954
1222681
1252296
1237292
1207485
1236886
1245799
1225207
1241423
0762470
1227731
1234780
1240972
1233550
1232180
1218566
1240883
1214937
0945531
1228286
1174753
1243565
1222249
1225008
1243454
1233109
1234492
1249787
1259877
1241413
1241418
1163147
1248233
0994042
1214392
1245648
1238509
1236464
1238371
1085511
1159373
1243143
1236202
1183018
1244523
1207179
1246418
1245888
1170979
1236096
1246140
1246871
1229034
1238843
1018168
1073387
1241753
1231417
1231352
1243182
1178410
1258577
1235864
1219178
1226313
1239690
1239041
1240854
1241007
1191068
1230526
1251946
1227730
1232028
1241149
1244807
1232260
1255564
1239334
1091010
1238340
1209866
1240280
1023822
1246428
1247024
1171002
1236873
1246511
1240232
1239075
1234729
1241128
0608945
0697920
1241997
1245480
1075607
0523936
1239762
1239533
1208619
1225523
1235011
1247671
1239673
1128985
1239115
1245302
1239068
1231476
1117455
1220145
1249558
1236903
1248298
1238416
1235374
1056840
1246141
1229036
1241015
1249593
1185976
1123795
1234786
1245554
1232330
1238885
1237671
1246515
1240433
1241739
1241338
1241779
1229075
1079125
1237722
1253530
1238273
1255191
1226638
1242493
1243674
1238545
1143786
1241188
1245825
1236874
1214673
1235426
1240981
1245859
1245919
1207614
1241123
1244516
1207596
1041574
1242625
1240987
1239511
1250148
1234765
1137317
1252174
1231990
1232560
1172819
0561303
1229920
1240035
1249750
1236364
1230866
1248687
1247918
1214214
1227735
1245906
1244049
1247890
1249802
1241194
1243708
1225136
1239688
1239431
1258783
1247273
1207724
1249524
1240938
1239455
1110252
1162801
1238616
1243106
1246843
1237819
1241538
1164705
1193602
1241687
1242011
1246863
1252845
1241125
1224475
1240216
1023835
1249281
1254999
1245915
1245936
1231262
1243059
1242115
1236193
1232505
1246385
1239558
1197511
1239093
1241020
1255180
0575156
1234158
1245289
1238849
1238251
0783893
1241369
1246121
1238670
1238094
1089794
1245365
1253840
1170159
1244271
1241658
1241902
1254305
1010400
1193433
1169364
1246374
1238930
1231067
1239729
1240276
1250321
1246581
1175656
1244209
0611503
0910283
1099165
1245143
1241315
1254615
1236623
1012056
1247868
1234563
1232279
1009288
1160969
1234619
1260535
1117463
1101097
1237466
1245605
1242065
1116340
1232125
1110584
1115096
1250288
1233168
1239748
1238996
0513489
1213068
1088057
1199862
1039177
1244602
1238913
1195766
1239367
0867135
0880118
1262298
1224961
1246188
1228865
1230835
1239402
1230678
1241251
1248899
0291333
1171574
1218038
1254718
1193900
1170051
1116195
1245373
1238965
1215095
1218544
1240442
1246484
1215651
1231469
1241318
1172232
1245566
1238405
1243567
1248830
1239390
1246179
1232030
1229683
1241849
1228171
1250330
0676207
1237817
1234157
1245820
1235049
1247331
1247260
1232783
1113691
1236415
1241086
1257436
1244574
1239607
1241159
0889828
1243233
1235266
1237314
1231811
1237753
1230275
1232495
0854793
1245309
1245860
1226922
1023823
1240083
1208418
1253054
1241677
1229074
1244555
1250157
1237462
1208310
1169118
1243063
1075646
1129879
1254613