0291381
0310091
0326885
0485544
0485548
0487199
0501620
0513489
0523936
0544290
0568593
0570002
0570003
0570033
0571598
0572998
0578630
0595440
0599090
0608945
0611503
0619086
0620216
0624684
0624901
0640001
0649098
0651030
0656677
0657394
0661888
0662369
0663443
0666392
0673661
0674886
0676207
0683124
0684021
0685816
0688916
0689014
0690054
0694298
0697920
0701701
0701784
0706270
0713986
0714026
0718731
0730454
0731512
0735094
0737169
0742400
0743530
0748516
0748749
0749176
0750428
0750528
0750623
0752952
0752980
0753475
0764758
0767123
0773223
0779374
0783707
0783893
0785904
0796555
0798294
0801267
0807908
0811993
0814306
0816759
0820462
0825772
0827792
0839915
0846933
0854711
0854793
0865840
0867135
0871057
0871826
0871889
0874390
0875105
0875635
0876558
0887882
0903632
0910283
0916750
0918657
0920172
0922700
0928133
0930126
0930385
0934942
0935610
0937175
0940114
0942833
0944370
0944504
0944718
0944719
0944720
0944721
0945059
0945169
0945531
0948439
0948441
0950733
0950843
0951150
0951820
0956308
0956343
0962863
0963087
0963494
0965149
0967154
0967955
0970816
0970817
0970818
0970819
0972640
0973277
0974406
0974629
0975324
0976709
0979945
0982708
0983378
0983738
0984595
0986211
0988352
0995639
0999882
1002227
1002745
1003662
1007333
1008549
1010214
1010215
1010387
1010400
1010894
1011890
1013956
1014097
1020118
1020977
1022080
1022628
1022631
1022957
1023225
1024256
1024711
1024745
1025457
1025935
1027481
1027512
1028144
1030158
1030453
1031248
1031505
1031506
1032264
1032522
1032874
1033316
1034048
1034065
1034170
1034307
1034313
1035207
1035270
1035679
1035867
1036269
1036336
1036739
1037118
1037556
1039177
1040126
1040161
1041514
1041728
1041981
1042057
1042568
1044667
1044743
1044794
1046116
1047734
1048525
1048567
1048600
1052259
1057589
1057591
1059643
1060792
1060876
1061061
1061394
1063055
1063563
1064346
1065060
1065654
1066375
1066782
1067015
1067018
1070252
1070268
1070271
1070934
1071058
1071802
1071837
1071895
1072353
1073066
1073567
1074295
1074406
1075229
1075230
1075329
1077849
1078067
1079083
1079097
1079125
1079179
1080290
1080841
1084217
1085412
1085413
1085414
1087851
1088055
1088057
1089266
1090129
1090234
1090666
1090776
1090949
1092245
1093733
1094871
1095191
1096193
1097879
1098566
1099776
1099843
1101097
1101992
1102339
1103388
1106189
1106580
1106722
1107360
1108602
1108874
1109561
1109636
1110252
1112113
1112996
1113062
1113293
1116080
1116123
1117385
1117459
1117463
1117472
1117474
1117539
1117898
1118512
1118553
1118563
1118690
1119394
1119685
1119686
1119827
1119828
1120617
1121205
1121421
1122703
1122837
1122859
1122926
1123215
1123276
1123768
1123795
1123958
1124351
1124384
1125202
1125510
1125924
1125999
1126242
1126406
1126511
1126710
1127457
1127523
1127561
1127637
1127680
1128263
1129027
1129057
1129259
1129260
1129300
1129527
1129607
1129749
1129809
1129812
1130472
1131055
1131072
1131139
1131140
1132490
1132493
1132495
1132562
1132992
1133005
1133696
1133701
1133844
1134180
1134319
1134422
1134867
1134868
1135365
1135750
1136012
1137239
1137246
1137421
1137429
1137677
1137701
1139328
1139330
1139723
1139911
1140028
1141671
1142881
1143149
1143599
1143802
1143945
1144205
1144208
1144985
1145130
1145712
1145948
1146551
1147425
1147816
1147897
1148016
1150046
1151950
1153494
1154016
1154543
1155213
1156276
1156853
1157034
1157136
1157660
1157717
1157735
1158014
1158017
1158204
1159373
1159381
1159410
1159601
1160182
1160446
1160578
1160688
1160693
1160705
1160730
1160969
1161657
1161859
1162392
1162767
1162801
1163006
1163055
1163147
1163238
1163268
1164281
1164304
1165059
1165213
1165342
1165482
1166567
1166831
1167638
1167687
1167857
1168049
1168378
1168412
1169775
1170081
1170159
1170425
1170752
1170979
1170986
1171307
1171574
1171845
1172274
1172350
1172816
1172827
1173015
1173315
1173514
1173912
1174320
1175395
1176634
1176690
1176786
1177804
1178919
1179978
1181202
1181531
1183018
1183642
1183921
1184096
1184929
1185543
1186675
1187633
1187945
1188479
1188553
1188999
1189447
1189557
1190332
1191613
1192027
1192103
1192348
1192599
1192954
1193343
1193446
1193717
1194079
1194379
1194784
1195560
1195581
1195755
1195824
1195936
1196118
1196719
1196885
1197187
1197304
1197344
1197601
1197602
1197603
1197604
1198129
1198282
1198284
1198343
1198431
1198432
1198480
1198925
1199191
1199302
1199312
1199421
1199428
1199456
1199843
1200154
1200412
1200645
1200652
1200792
1201230
1201450
1201581
1202112
1202116
1202230
1202478
1202778
1202784
1202812
1202813
1202831
1202833
1202837
1203231
1203518
1203543
1203547
1203549
1203803
1203810
1204078
1204210
1204260
1204756
1204761
1204832
1204887
1204905
1204998
1205023
1205326
1205346
1205922
1205994
1205995
1206236
1206248
1206249
1206313
1206596
1206599
1206600
1206602
1206609
1206614
1206615
1206628
1206656
1206659
1206744
1206871
1206884
1207349
1207360
1207443
1207489
1207496
1207498
1207510
1207511
1207532
1207731
1207768
1207871
1207894
1207916
1207927
1207938
1207940
1207942
1207944
1208350
1208353
1208493
1208575
1208604
1208745
1208752
1209027
1209094
1209140
1209157
1209183
1209199
1209377
1209421
1209431
1209443
1209534
1209559
1209724
1209773
1209798
1210038
1210301
1210389
1210403
1210471
1210576
1210714
1210753
1210778
1210801
1210844
1210934
1210938
1210963
1211133
1211138
1211205
1211274
1211281
1211290
1211578
1211579
1211585
1211757
1211803
1211824
1212093
1212125
1212132
1212141
1212146
1212158
1212582
1212583
1212593
1212664
1212668
1212696
1212853
1213120
1213293
1213499
1213510
1213787
1213791
1213858
1214143
1214144
1214145
1214146
1214177
1214200
1214225
1214235
1214392
1214410
1214419
1214434
1214438
1214439
1214442
1214915
1214949
1215519
1215628
1215629
1216054
1216178
1216303
1216311
1216321
1216409
1216501
1216526
1216542
1216564
1216566
1216588
1216591
1216644
1216652
1216748
1216814
1216816
1216827
1216847
1216851
1216870
1216903
1216929
1216949
1217057
1217082
1217091
1217172
1217248
1217394
1217528
1217542
1217567
1217630
1217764
1217783
1217785
1217795
1217796
1217827
1217853
1217855
1217945
1218038
1218086
1218111
1218128
1218135
1218163
1218179
1218180
1218339
1218375
1218493
1218533
1218566
1218582
1218603
1218666
1218674
1218795
1218842
1219022
1219097
1219132
1219309
1219357
1219434
1219449
1219462
1219719
1220017
1220051
1220063
1220082
1220150
1220252
1220326
1220336
1220362
1220367
1220388
1220391
1220392
1220507
1220862
1220864
1220933
1221046
1221323
1221324
1221325
1221328
1221824
1221874
1222138
1222271
1222273
1222406
1222469
1222633
1222645
1222657
1222681
1222699
1222700
1222750
1222839
1222881
1222924
1222925
1222927
1222931
1223013
1223014
1223015
1223045
1223060
1223110
1223210
1223337
1223406
1223421
1223485
1223486
1223510
1223530
1223645
1223668
1223760
1223835
1224010
1224041
1224081
1224089
1224123
1224129
1224180
1224213
1224241
1224274
1224295
1224314
1224380
1224416
1224440
1224449
1224453
1224475
1224477
1224478
1224513
1224616
1224620
1224625
1224671
1224673
1224675
1224676
1224677
1224687
1224809
1224843
1224849
1224852
1224862
1224911
1224915
1224929
1224942
1224962
1224970
1224975
1224987
1225008
1225159
1225170
1225187
1225191
1225195
1225247
1225324
1225337
1225348
1225359
1225402
1225438
1225445
1225461
1225465
1225483
1225547
1225548
1225569
1225586
1225591
1225609
1225663
1225682
1225755
1225826
1226016
1226050
1226200
1226277
1226334
1226342
1226353
1226386
1226404
1226409
1226521
1226526
1226634
1226639
1226697
1226708
1226719
1226753
1226759
1226932
1226939
1226984
1227043
1227086
1227137
1227155
1227157
1227188
1227191
1227275
1227342
1227358
1227383
1227414
1227464
1227564
1227627
1227727
1227752
1227823
1227875
1227891
1227896
1228007
1228092
1228144
1228147
1228156
1228171
1228191
1228196
1228206
1228234
1228278
1228279
1228283
1228286
1228287
1228354
1228395
1228400
1228402
1228404
1228439
1228446
1228494
1228508
1228511
1228514
1228522
1228528
1228532
1228535
1228536
1228540
1228615
1228616
1228619
1228620
1228637
1228676
1228738
1228763
1228829
1228830
1228855
1228858
1228860
1228872
1228894
1228950
1228969
1228978
1228979
1228987
1229019
1229032
1229033
1229034
1229069
1229090
1229094
1229119
1229120
1229137
1229171
1229241
1229251
1229255
1229267
1229270
1229271
1229293
1229296
1229310
1229321
1229328
1229330
1229578
1229579
1229580
1229720
1229728
1229754
1229804
1229808
1229819
1229879
1229960
1230242
1230278
1230348
1230356
1230461
1230485
1230505
1230506
1230526
1230538
1230555
1230576
1230610
1230683
1230816
1230818
1230823
1230852
1230881
1230882
1231065
1231096
1231146
1231154
1231258
1231262
1231263
1231265
1231380
1231389
1231469
1231476
1231481
1231511
1231517
1231659
1231665
1231679
1231687
1231722
1231734
1231742
1231773
1231844
1231879
1231883
1231917
1231927
1231929
1231940
1231946
1231947
1231956
1231957
1231972
1231976
1231987
1232091
1232092
1232124
1232173
1232177
1232179
1232222
1232223
1232239
1232247
1232253
1232312
1232354
1232514
1232554
1232558
1232559
1232560
1232573
1232627
1232649
1232740
1232761
1232908
1232981
1232988
1232993
1232994
1233002
1233028
1233060
1233092
1233102
1233111
1233119
1233121
1233227
1233353
1233356
1233394
1233414
1233597
1233769
1233790
1233794
1233796
1233806
1233814
1234140
1234151
1234332
1234387
1234454
1234488
1234503
1234515
1234563
1234731
1234794
1234989
1234995
1235005
1235007
1235019
1235022
1235041
1235070
1235099
1235147
1235179
1235183
1235266
1235278
1235282
1235324
1235349
1235351
1235363
1235374
1235380
1235388
1235392
1235394
1235448
1235675
1235717
1235809
1235865
1235943
1236026
1236033
1236052
1236328
1236330
1236366
1236412
1236413
1236448
1236455
1236461
1236476
1236542
1236544
1236577
1236709
1236742
1236774
1236796
1236868
1236870
1236873
1236879
1236880
1236989
1237053
1237055
1237072
1237073
1237085
1237107
1237109
1237182
1237252
1237253
1237281
1237285
1237308
1237379
1237381
1237391
1237392
1237405
1237412
1237419
1237424
1237428
1237431
1237436
1237441
1237471
1237524
1237555
1237563
1237584
1237586
1237591
1237592
1237594
1237600
1237629
1237641
1237671
1237695
1237768
1237795
1237819
1237820
1237844
1238044
1238070
1238094
1238152
1238203
1238251
1238371
1238606
1238614
1238714
1238815
1238959
1239088
1239115
1239339
1239360
1239488
1239499
1239511
1239527
1239533
1239569
1239729
1239756
1239776
1239854
1239913
1239944
1239998
1240039
1240059
1240081
1240086
1240099
1240259
1240348
1240441
1240499
1240863
1240866
1240875
1240992
1241000
1241194
1241302
1241306
1241315
1241627
1241729
1241761
1241766
1241880
1241955
1241985
1242166
1242281
1242292
1242441
1242812
1243288
1243526
1243573
1243662
1243809
1243876
1243890
1244049
1244050
1244055
1244171
1244173
1244289
1244405
1244573
1244807
1245302
1245309
1245409
1245505
1245566
1245727
1245782
1245820
1245825
1245997
1246008
1246010
1246011
1246251
1246254
1247005
1247222
1247234
1247397
1247401
1247418
1247746
1247835
1247856
1247917
1247919
1247922
1247923
1248095
1248179
1248209
1248298
1248742
1248830
1249113
1249114
1249500
1249509
1249840
1249841
1250288
1250831
1250870
1251342
1251398
1251599
1252288
1252303
1252353
1252412
1252428
1252571
1252606
1253031
1253054
1253205
1253207
1253209
1253211
1253552
1253632
1253818
1254046
1254317
1254423
1254556
1255272
1257198
1258266