0310091
0485548
0501620
0572998
0624901
0657394
0661888
0663443
0666392
0673661
0748749
0753475
0779374
0798294
0807908
0816759
0820462
0871057
0876558
0887882
0920172
0934942
0935610
0940114
0942833
0963087
0974406
0983378
0988352
0995639
1010894
1014097
1020118
1030158
1030453
1031506
1033316
1034048
1034170
1034313
1035270
1035867
1036336
1037118
1037556
1040126
1040161
1042057
1042568
1047734
1057589
1057591
1061394
1065060
1071802
1071895
1079097
1085412
1087851
1090666
1090949
1093733
1095191
1096193
1102339
1108602
1112113
1113062
1117385
1121421
1123768
1124384
1125510
1125999
1127637
1129057
1129259
1129527
1129607
1131139
1131140
1132493
1132992
1133701
1135365
1135750
1140028
1143599
1143802
1143945
1154016
1157717
1160730
1162392
1165342
1167857
1170425
1173912
1235943