0302334
0499334
0503569
0533261
0542551
0544181
0544290
0554141
0564310
0564358
0566320
0568593
0570003
0571598
0573605
0579010
0589896
0597524
0608945
0611503
0635382
0647207
0649098
0662369
0676207
0694298
0697920
0701784
0710058
0713986
0713995
0715828
0718081
0727697
0731851
0736198
0742400
0749176
0750428
0752652
0763195
0763275
0764758
0782479
0783354
0783359
0783707
0787123
0791428
0827318
0846334
0846337
0857516
0866528
0867135
0871826
0878987
0879413
0880118
0884754
0890261
0908105
0927102
0929432
0934175
0940270
0945169
0947341
0948872
0956308
0970245
0970817
0976641
0979980
0980148
0982708
0990491
0993598
0995429
0995634
0995680
0997988
0998289
0999884
1002283
1002288
1002293
1002322
1003430
1005036
1005394
1005627
1005941
1007333
1007334
1007407
1012056
1017410
1018090
1021268
1021269
1021463
1021591
1021685
1022506
1022774
1023188
1023198
1023624
1023835
1024606
1025404
1027051
1027358
1030158
1031048
1033137
1034613
1034629
1035167
1035209
1035342
1035406
1035457
1035462
1035467
1036812
1037495
1037560
1037593
1037681
1037694
1038279
1038375
1039390
1040020
1040820
1041977
1044667
1045432
1045434
1045436
1046116
1046157
1046287
1046554
1048459
1048567
1048600
1054019
1054308
1054358
1054578
1056769
1058369
1062247
1062332
1062350
1063805
1063809
1063813
1064020
1064243
1065571
1065603
1066533
1067826
1068418
1068431
1070031
1070268
1070271
1070272
1070524
1071187
1071258
1072011
1072353
1072556
1072831
1074283
1075229
1075726
1077919
1077922
1078502
1078507
1078511
1080293
1084281
1084762
1085707
1088019
1088029
1088033
1088053
1088057
1091077
1092164
1094871
1095961
1095998
1096194
1098387
1098389
1099663
1099664
1099732
1099963
1100717
1101677
1102162
1105700
1106023
1106024
1107122
1107147
1108863
1109599
1109600
1109688
1109968
1110252
1110449
1112902
1117455
1117459
1117462
1117463
1117464
1117467
1117472
1117474
1117525
1117531
1117539
1117541
1118134
1118188
1118512
1118513
1118514
1118563
1118610
1118690
1118841
1118845
1118872
1118896
1119016
1119041
1119049
1119070
1119087
1119094
1119345
1119394
1119684
1119685
1119694
1120812
1122703
1122706
1122820
1122837
1122971
1123104
1123105
1123109
1123147
1123563
1123565
1124128
1125059
1126052
1126305
1126306
1127680
1127979
1128263
1128273
1128794
1129093
1129513
1129622
1129625
1129627
1129809
1129812
1130141
1130988
1131167
1132498
1132548
1132562
1133153
1133551
1133844
1134087
1134422
1134532
1134572
1134857
1134866
1134867
1134868
1134869
1135231
1135257
1135279
1135281
1135288
1135395
1135705
1135923
1136128
1136523
1136860
1137059
1137118
1137152
1137421
1137429
1137677
1137701
1137721
1138108
1138989
1139116
1139315
1139330
1140047
1140057
1140826
1141304
1141465
1141998
1142257
1142273
1142323
1142786
1142857
1143932
1144233
1144309
1144985
1145130
1145440
1145676
1145712
1145785
1145793
1145948
1146165
1147423
1147497
1147561
1147726
1147752
1147816
1148016
1149189
1149605
1149802
1150100
1150102
1150197
1150582
1150634
1150638
1150642
1150937
1152196
1152659
1153020
1153494
1153611
1153729
1154023
1154145
1155147
1155213
1156056
1156155
1156306
1157038
1157366
1157636
1157638
1157918
1158068
1158186
1158188
1158200
1158201
1158204
1158225
1158384
1158785
1159132
1159357
1159367
1159373
1159381
1159770
1160600
1160627
1160682
1160705
1160723
1160928
1160960
1160969
1161634
1161657
1161994
1162100
1162173
1162397
1162632
1163183
1164022
1164212
1164471
1164485
1164918
1165004
1165179
1166127
1166860
1167273
1167334
1167723
1168339
1168443
1168458
1169337
1169657
1169912
1170159
1170190
1170283
1170558
1170576
1170740
1170752
1171189
1171372
1171465
1171491
1171574
1171881
1172132
1172274
1172827
1173015
1173036
1173179
1173513
1173514
1173938
1174185
1174908
1175553
1175733
1176026
1176208
1176451
1176452
1176873
1176919
1176921
1176922
1178919
1178969
1179009
1179616
1179809
1179859
1179860
1179978
1180848
1181062
1181121
1181130
1181845
1182018
1182086
1183311
1183861
1184519
1185027
1185160
1186005
1186081
1186625
1187513
1187633
1188043
1188057
1188233
1188865
1188969
1189366
1189447
1189462
1190396
1191068
1191304
1191527
1192307
1192954
1193218
1193324
1193341
1193375
1193749
1193965
1194750
1194760
1194762
1195156
1195158
1195190
1195217
1195228
1195235
1195349
1195350
1195423
1195525
1195560
1195608
1195631
1195982
1196545
1197230
1198095
1198145
1198378
1198495
1198749
1198917
1198945
1199304
1199543
1199716
1199768
1199769
1199862
1199874
1199980
1200539
1200603
1200744
1200860
1200869
1201030
1202582
1202918
1202924
1203480
1203881
1204864
1204887
1205017
1205374
1205439
1206088
1206204
1206227
1206374
1206433
1206560
1206596
1206661
1206691
1206929
1206942
1206983
1207871
1207910
1208287
1208292
1208295
1208362
1208364
1208374
1208494
1209069
1209095
1209392
1209467
1209468
1209712
1209715
1210100
1210220
1210280
1210389
1210581
1210676
1210754
1210756
1210762
1210939
1211033
1211096
1211099
1211585
1211663
1211880
1212111
1212116
1212195
1212509
1212603
1212628
1213212
1213213
1213613
1214095
1214828
1215114
1215307
1215311
1215315
1215466
1215491
1215499
1215521
1215628
1215702
1216366
1216518
1216526
1216585
1216586
1216591
1216606
1216648
1216652
1216737
1216743
1216747
1217027
1217028
1217330
1217341
1217386
1217389
1217394
1217523
1217528
1217827
1217833
1217867
1217871
1217884
1217890
1217891
1218075
1218113
1218406
1218454
1218795
1218806
1218840
1218887
1218889
1218897
1219097
1219309
1219380
1219416
1219682
1219736
1219857
1219901
1219910
1219928
1219933
1220051
1220089
1220090
1220247
1220252
1220495
1220578
1220581
1220862
1220925
1220926
1220927
1220931
1220948
1220950
1220951
1221048
1221052
1221196
1222395
1222398
1222405
1222408
1222527
1222528
1222708
1222881
1223135
1223222
1223345
1223543
1223728
1223733
1223760
1223955
1224213
1224295
1224314
1224364
1224378
1224395
1224452
1224722
1224767
1224784
1224970
1225153
1225154
1225243
1225249
1225478
1225686
1225690
1225769
1225830
1225974
1226342
1226461
1226510
1226515
1226535
1226578
1226584
1226596
1226697
1226718
1226719
1226754
1226762
1226764
1226799
1226814
1227155
1227161
1227164
1227323
1227469
1227624
1227814
1227847
1227891
1228001
1228002
1228003
1228007
1228008
1228009
1228191
1228400
1228402
1228637
1228696
1228755
1228847
1228950
1228966
1229022
1229090
1229216
1229328
1229330
1229409
1229720
1230234
1230418
1230870
1230902
1231512
1231924
1231960
1232073
1232195
1232484
1232511
1232513
1232745
1233847
1234140
1234144
1234146
1234332
1234704
1234712
1234718
1234758
1235380
1235717
1235811
1236010
1236328
1236406
1236407
1237182
1239434
1243874