0278811
0456163
0572998
0762470
0762558
0776746
0841434
0889828
0934966
0941374
0942075
0949196
0949410
0952983
0959650
0963662
0965069
0966367
0968316
0972806
0979237
0979329
0979874
0984902
0985604
0986343
0993577
0993762
0993840
0994088
1002471
1011828
1013705
1013711
1013712
1018849
1021380
1026091
1029736
1031522
1031523
1034033
1034035
1036208
1036488
1036617
1037118
1041089
1041313
1042065
1042942
1044666
1045428
1049980
1050855
1055983
1056020
1056633
1056840
1058018
1058340
1058342
1058346
1058456
1058830
1058833
1059332
1060374
1065116
1068180
1068429
1069658
1073162
1073631
1073652
1074870
1075062
1075451
1076812
1077014
1077225
1077912
1078379
1078854
1080346
1080722
1081902
1082917
1087261
1087411
1088101
1088419
1088756
1088892
1089853
1091010
1091235
1091646
1091771
1091834
1092132
1093172
1093743
1096609
1096931
1097580
1097771
1099475
1099646
1099789
1099796
1100314
1100429
1100496
1100859
1106080
1108981
1109213
1109221
1109935
1110136
1110706
1110764
1110772
1112268
1112323
1112477
1112526
1113026
1113089
1113296
1113691
1114002
1114725
1115566
1115875
1115899
1115900
1115931
1116024
1116118
1116139
1116191
1116619
1120827
1120942
1121324
1121335
1121705
1123409
1123501
1123621
1124363
1124365
1124833
1125101
1126227
1126324
1126550
1127551
1127778
1127863
1128506
1128581
1128645
1128656
1128782
1128985
1129262
1129801
1130899
1131640
1131776
1132585
1132992
1133033
1135042
1135065
1135096
1135874
1136205
1136525
1137050
1137192
1137208
1137522
1137680
1137871
1139051
1139175
1139235
1139420
1139517
1139538
1139733
1140070
1140183
1140403
1140625
1140839
1141491
1141573
1141577
1141606
1141610
1141649
1141792
1141810
1141812
1142908
1143029
1143405
1144180
1144205
1144208
1145152
1145321
1145356
1145777
1145926
1146240
1147254
1147534
1147610
1147771
1147831
1147908
1147944
1148100
1148345
1148950
1149152
1151722
1152096
1152460
1152490
1152564
1152719
1152960
1153138
1153481
1154034
1154037
1154469
1154475
1154509
1154525
1154667
1154676
1154696
1154909
1155189
1155541
1156130
1156371
1156607
1156624
1156755
1157505
1157799
1158178
1158666
1158827
1158988
1159604
1159607
1159799
1160547
1160659
1160706
1161939
1162210
1162245
1162480
1162639
1162785
1162812
1162937
1162938
1163095
1163102
1163118
1163120
1163144
1163238
1163293
1163302
1163452
1163471
1163482
1163560
1163636
1164047
1164138
1164493
1164609
1164787
1164885
1165795
1166875
1167150
1167207
1167432
1167768
1168433
1168935
1169075
1169617
1169790
1169910
1169934
1170208
1170241
1170332
1170625
1170914
1170932
1171201
1171266
1171269
1171270
1172287
1172872
1172874
1172942
1172977
1172984
1173041
1173452
1173670
1173693
1174465
1174494
1174789
1175352
1175455
1175848
1175931
1176002
1176200
1176216
1176645
1176790
1176804
1177683
1177746
1177819
1177940
1178300
1178349
1178417
1178465
1178554
1179642
1179681
1179949
1179962
1180217
1181282
1181313
1181473
1181481
1181678
1182174
1182370
1182653
1182654
1182655
1182657
1182750
1183233
1183766
1183776
1184749
1185126
1185241
1185255
1185296
1185334
1185380
1185535
1185694
1185937
1186240
1186485
1186488
1186668
1187042
1187684
1187865
1187900
1188486
1188512
1188530
1188812
1189688
1189697
1189740
1190346
1190421
1190514
1190991
1191797
1191933
1192056
1192814
1193221
1193251
1193619
1193900
1194259
1194395
1194447
1194752
1195095
1195351
1195389
1195402
1195546
1195711
1195781
1195824
1196074
1196375
1196492
1196666
1196768
1196909
1196982
1197064
1197729
1198047
1198280
1198281
1198282
1198284
1198346
1198431
1198432
1198480
1198523
1198827
1198921
1199017
1199175
1199278
1199503
1199840
1199841
1199842
1199843
1199844
1199967
1200008
1200695
1201305
1201459
1201480
1201491
1201522
1201597
1201625
1201676
1201712
1201719
1201771
1202070
1202089
1202537
1202561
1202581
1202584
1202840
1202950
1203050
1203064
1203066
1203119
1203204
1203371
1203811
1204752
1204941
1204962
1205354
1205395
1205467
1205482
1205798
1205810
1205815
1205898
1206094
1206236
1206448
1206471
1206594
1206598
1206610
1206628
1206762
1206842
1207077
1207124
1207126
1207175
1207243
1207292
1207341
1207349
1207443
1207462
1207664
1207696
1207731
1207822
1207847
1207865
1208009
1208021
1208086
1208090
1208476
1208532
1208588
1208590
1208745
1208945
1209080
1209088
1209245
1209652
1209662
1209721
1209722
1209761
1209844
1209924
1209966
1210235
1210469
1210591
1210613
1210619
1210630
1210636
1210696
1210698
1210700
1210734
1210799
1210811
1210825
1210942
1211110
1211133
1211136
1211138
1211358
1211386
1211595
1211728
1212448
1212592
1212616
1212700
1212701
1212733
1212769
1212779
1212805
1212806
1212906
1213107
1213113
1213119
1213120
1213152
1213156
1213166
1213177
1213196
1213391
1213465
1213535
1213536
1213772
1213774
1213944
1213945
1213946
1214041
1214093
1214107
1214108
1214109
1214171
1214173
1214283
1214312
1214324
1214410
1214440
1214456
1214568
1214570
1214744
1214765
1214786
1214801
1214854
1214873
1214927
1214936
1214937
1214977
1215031
1215101
1215186
1215377
1215380
1215498
1215550
1215631
1215760
1215803
1216115
1216182
1216388
1216425
1216496
1216612
1216618
1216623
1216633
1216644
1216647
1216689
1216744
1216766
1216783
1216805
1216865
1216925
1216961
1217048
1217057
1217083
1217176
1217283
1217309
1217398
1217576
1217615
1217779
1217790
1217795
1217796
1217807
1217809
1217813
1217826
1217832
1217947
1218070
1218087
1218091
1218287
1218298
1218344
1218389
1218391
1218494
1218496
1218625
1218660
1219074
1219083
1219771
1219783
1219824
1219838
1219908
1219915
1219949
1219981
1219988
1219998
1220149
1220150
1220489
1220540
1220750
1220757
1221495
1221514
1221528
1221593
1221691
1221726
1221727
1221735
1221754
1221947
1221999
1222097
1222120
1222126
1222128
1222130
1222137
1222159
1222161
1222217
1222250
1222314
1222596
1222598
1222634
1222682
1222686
1222688
1222706
1222796
1222943
1222949
1222951
1222954
1222962
1223023
1223028
1223066
1223088
1223092
1223119
1223319
1223320
1223577
1223667
1223822
1223843
1223912
1223926
1223950
1224065
1224117
1224121
1224123
1224129
1224434
1224493
1224538
1224596
1224790
1224842
1224910
1224911
1224942
1225109
1225165
1225167
1225184
1225223
1225330
1225331
1225342
1225358
1225423
1225524
1225552
1225589
1225630
1226165
1226190
1226471
1226698
1226845
1226846
1226848
1226857
1227048
1227096
1227191
1227584
1228087
1228743
1228859
1228902
1229008
1229092
1229304
1229305
1229361
1229587
1230409
1230410
1230411
1230434
1230845
1230970
1231092
1231202
1231330
1231625
1231733
1231744
1231783
1231876
1231933
1231961
1232079
1232126
1232131
1232461
1232604
1232606
1232739
1233143
1233563
1233598
1233800
1234910
1234914
1235183
1235366
1235635
1235786
1236808
1237308
1237416
1237799
1237945
1237952
1238324
1238332
1238333
1239045
1239272
1240007
1240941