0188589
0188590
0291381
0389528
0403521
0429934
0435953
0453850
0453853
0460753
0489792
0493103
0496278
0502190
0510407
0533261
0561307
0579381
0611098
0612498
0619601
0619764
0620208
0620216
0623980
0624543
0625216
0629143
0629294
0644360
0644385
0644466
0644468
0651030
0659974
0659975
0666257
0667052
0669999
0674886
0680065
0686458
0688916
0691126
0692192
0692193
0694298
0696742
0701701
0703216
0703279
0703498
0704900
0715736
0731512
0738873
0744026
0746539
0746814
0746986
0746988
0747165
0747801
0750528
0751600
0754107
0758469
0758480
0769653
0777351
0782674
0782896
0783893
0791898
0795311
0799191
0802130
0803407
0804759
0805182
0805205
0812411
0812789
0812790
0812910
0813438
0813741
0813742
0821677
0821679
0821812
0823613
0825772
0829313
0829639
0834831
0834834
0837284
0837778
0838264
0838269
0840933
0843366
0852984
0854145
0854149
0858321
0858655
0865840
0867157
0867158
0867165
0867166
0867865
0868220
0868946
0869899
0873119
0874390
0877554
0877621
0877729
0878847
0880118
0882403
0882404
0886741
0887421
0887965
0887987
0888321
0892370
0897123
0897504
0900673
0901619
0901757
0902500
0904139
0907277
0907294
0909534
0911761
0912078
0912079
0915799
0916397
0916421
0918642
0919544
0920249
0920504
0922711
0922921
0924086
0924139
0926334
0926356
0929415
0929418
0930056
0930073
0930123
0930146
0930305
0930338
0930339
0930340
0930343
0930385
0931940
0932400
0933914
0934773
0934781
0941874
0946118
0946618
0946630
0947413
0952575
0952893
0952971
0957430
0958811
0962780
0972293
0972295
0972874
0975336
0976822
0977998
0979605
0980451
0982160
0983082
0983966
0987278
0988110
0989185
0989206
0989233
0989756
0990788
0991710
0991711
0993550
0993598
0994393
0997745
1001539
1003309
1008025
1009288
1010071
1010400
1011386
1012607
1013521
1017488
1017886
1018878
1018885
1018932
1019095
1019117
1022217
1022528
1022532
1022664
1022995
1023303
1023304
1023305
1023453
1023454
1023532
1023533
1023534
1024745
1025093
1026062
1027376
1028068
1028613
1028679
1028693
1029084
1030856
1033174
1033175
1033476
1033520
1034292
1034985
1035424
1037150
1038735
1039254
1039973
1039976
1040919
1041280
1041333
1041981
1042178
1043564
1043565
1044320
1044399
1044644
1046176
1046520
1046826
1047030
1049075
1049208
1049658
1051056
1051225
1051567
1052557
1057297
1058368
1058377
1058427
1058911
1059339
1065586
1066698
1066702
1067655
1067964
1068054
1068065
1068220
1069197
1070703
1070995
1071000
1071353
1071354
1072129
1072162
1072493
1072605
1073364
1073614
1073848
1073936
1074342
1074396
1074487
1074920
1074934
1074951
1074953
1074987
1074988
1074989
1074990
1074991
1075735
1076513
1076715
1076716
1076718
1076719
1078348
1078349
1080188
1080632
1080899
1082281
1084370
1084393
1084706
1084710
1084847
1085467
1085825
1086217
1087021
1087590
1088446
1089212
1090044
1090164
1090256
1090327
1090489
1090491
1090611
1091435
1091801
1092084
1092578
1092760
1092765
1093703
1093718
1093726
1093728
1093741
1094781
1094802
1095039
1097301
1097303
1097305
1097492
1097511
1097628
1098361
1098683
1099129
1100264
1100265
1100266
1100552
1100813
1102201
1103229
1103377
1103586
1103990
1105071
1105334
1105503
1105508
1105510
1105515
1106033
1106775
1107425
1107830
1107852
1107856
1108870
1109306
1109638
1109640
1109643
1110237
1110238
1110414
1111955
1112209
1113450
1114258
1114323
1114890
1115026
1115781
1115955
1117192
1119320
1119906
1119907
1119908
1120053
1120401
1120448
1121142
1121888
1122502
1122925
1122995
1123015
1123128
1123215
1123276
1123286
1123734
1123736
1124305
1125748
1125826
1125884
1126242
1126298
1126326
1127087
1127675
1127676
1128278
1129158
1129254
1129265
1130745
1131617
1133511
1133559
1133662
1133663
1133936
1133937
1133938
1134170
1134693
1134813
1135401
1135687
1135699
1135857
1136754
1137198
1137393
1138141
1139679
1140411
1141221
1141225
1141228
1141299
1141570
1141920
1142199
1142470
1143070
1143161
1143592
1143786
1143829
1143830
1144077
1144133
1145256
1146308
1146679
1147379
1147415
1147536
1147895
1148280
1149338
1149563
1151414
1151813
1152703
1152814
1152919
1153068
1153099
1153338
1154054
1154137
1154401
1154724
1155949
1156947
1157540
1157653
1157657
1157809
1157933
1158249
1158640
1160257
1160259
1160530
1160545
1160996
1161459
1161645
1161983
1162079
1162080
1162933
1163119
1164262
1164944
1165105
1165487
1166361
1166797
1166977
1166978
1167609
1167760
1168051
1168465
1168936
1169052
1169131
1169463
1169696
1169857
1170195
1170526
1170584
1170595
1170800
1170811
1170813
1170817
1170818
1170832
1170833
1171311
1171493
1171783
1171786
1172188
1172268
1172445
1172965
1173003
1173914
1174045
1174073
1174081
1174082
1174084
1174095
1174105
1174110
1174111
1174114
1174187
1174333
1174377
1174681
1174812
1175185
1175228
1175519
1176016
1176038
1176039
1176559
1177356
1177357
1177358
1177359
1177360
1177361
1177367
1177368
1177920
1177945
1178008
1178020
1178021
1178100
1178191
1178428
1178498
1178516
1178517
1179081
1179093
1179099
1179123
1179371
1179372
1179392
1179489
1179512
1179799
1179806
1179883
1179957
1181056
1181061
1181063
1181235
1181389
1182116
1182120
1182138
1182416
1182429
1183042
1183149
1183153
1183264
1184641
1184642
1184653
1184984
1186186
1186206
1186207
1186210
1186540
1186672
1187355
1187662
1187985
1188733
1190102
1190113
1190417
1190448
1190647
1190992
1191747
1192024
1192041
1192706
1192763
1193260
1193292
1193305
1193317
1193321
1193333
1193337
1193424
1193524
1193717
1193869
1194082
1194736
1194963
1194968
1194976
1195260
1195562
1195728
1195759
1195766
1196042
1196100
1196101
1196145
1196432
1196857
1196899
1197420
1197461
1197796
1197818
1198460
1199871
1199926
1200398
1200400
1200409
1200410
1200420
1200656
1200668
1200673
1200868
1201012
1201745
1201760
1201764
1201793
1201841
1201975
1202057
1202058
1202061
1202110
1202629
1203413
1204141
1204187
1204229
1204248
1204252
1204775
1204802
1205079
1205152
1205349
1205445
1205446
1205468
1205603
1206125
1206194
1206214
1206228
1206446
1206631
1206634
1206703
1206707
1206800
1206977
1207164
1207211
1207212
1207213
1207252
1207255
1207264
1207265
1207301
1207511
1207890
1207926
1208042
1208239
1208258
1208461
1208668
1208727
1209081
1209118
1209147
1209408
1209431
1209600
1209621
1209821
1210066
1210109
1210190
1210248
1210428
1210514
1210683
1210866
1210871
1210904
1210925
1211143
1211242
1211266
1211287
1211301
1211302
1211713
1211726
1211862
1212081
1212086
1212125
1212140
1212145
1212149
1212155
1212342
1212402
1212430
1212546
1212582
1212739
1212750
1213389
1213488
1213533
1213557
1213600
1213639
1213710
1213790
1213791
1213799
1214019
1214021
1214068
1214165
1214392
1214419
1214429
1214643
1215546
1216003
1216178
1216319
1216480
1216626
1216762
1216847
1216949
1216960
1217173
1217586
1217682
1217764
1217839
1218076
1219723
1219729
1219765
1219769
1219855
1219899
1220012
1220017
1220029
1220326
1220327
1221235
1221426
1221428
1221824
1222015
1222324
1222589
1222931
1223301
1223488
1223617
1223740
1223741
1224005
1224545
1224673
1225262
1225656
1225872
1225945
1226669
1226939
1227242
1229185
1233600
1234145
1235177
1236146
1237817
1240730
1244049