0403521
0453850
0611098
0620208
0623980
0625216
0644468
0715736
0746539
0747801
0769653
0799191
0802130
0803407
0812789
0812910
0813438
0821812
0829313
0837284
0854145
0854149
0858321
0858655
0867157
0873119
0877554
0877621
0886741
0887965
0892370
0897123
0900673
0915799
0916421
0918642
0922921
0926334
0929415
0930338
0930339
0930343
0932400
0946118
0946630
0952893
0957430
0977998
0989185
0994393
0997745
1010071
1013521
1018878
1018885
1019117
1022217
1022664
1028068
1033476
1033520
1041333
1044320
1046176
1046826
1047030
1049075
1049208
1049658
1051056
1051225
1057297
1058377
1058427
1059339
1066702
1067655
1067964
1068065
1068220
1071000
1071353
1071354
1072493
1072605
1073364
1073848
1073936
1074342
1074987
1074989
1074990
1075735
1078348
1078349
1080188
1080632
1080899
1082281
1084706
1084710
1085467
1085825
1086217
1087021
1090164
1090611
1091801
1092084
1092765
1093718
1093726
1093728
1094781
1095039
1097492
1100552
1100813
1102201
1103229
1103990
1105334
1105508
1105510
1106033
1107425
1107852
1107856
1109306
1109638
1109640
1109643
1110414
1115026
1117192
1119320
1119906
1119907
1120053
1120401
1120448
1121888
1122502
1123015
1123128
1123286
1125826
1126298
1126326
1128278
1129158
1129254
1130745
1131617
1133662
1133663
1133936
1133937
1133938
1134693
1135401
1135699
1139679
1141221
1141225
1141228
1141299
1141570
1141920
1142470
1143070
1143829
1143830
1145256
1147379
1147536
1147895
1148280
1149338
1151414
1151813
1152703
1152814
1153099
1153338
1154054
1154137
1157653
1157657
1157809
1158249
1158640
1160530
1160545
1160996
1161645
1162079
1162080
1164262
1164944
1166361
1167609
1169052
1174333
1182120
1182138
1190417
1193424