0307239
0506098
0509669
0579541
0633152
0639965
0673677
0688728
0694848
0721805
0723469
0754792
0768912
0786978
0803070
0803969
0820572
0824997
0834063
0837249
0843940
0875635
0879944
0896162
0909916
0916298
0916750
0919773
0924369
0925212
0928322
0929326
0929328
0932278
0932722
0938930
0939886
0940057
0941119
0942947
0943217
0946831
0947188
0947208
0949367
0950093
0950704
0951901
0963684
0965430
0965763
0966367
0966679
0968644
0972451
0975845
0975846
0980490
0983240
0984702
0987033
0989024
0990702
0992720
0992735
0992767
0992793
0993563
0993569
0994042
0995589
0998124
1001372
1007405
1009738
1010085
1010725
1011444
1013762
1014681
1017518
1019338
1019339
1025947
1027844
1030152
1030797
1032136
1033201
1036484
1039771
1049256
1049655
1049984
1050477
1050747
1052909
1052969
1053664
1054608
1056688
1059204
1059268
1059454
1060882
1060883
1060911
1062427
1062588
1063184
1063201
1063745
1063861
1064009
1065604
1065633
1066503
1066926
1067279
1069414
1069844
1071075
1071403
1071419
1071455
1071484
1072474
1072786
1074171
1075607
1075646
1075923
1077557
1079864
1079870
1080301
1080839
1081948
1082211
1082406
1082425
1082517
1082528
1082564
1082586
1082654
1082786
1083302
1084078
1084213
1084217
1084218
1084229
1084347
1085010
1086131
1086254
1086278
1086411
1087421
1089449
1089775
1089865
1090296
1090760
1091840
1092190
1093189
1093790
1094168
1094531
1094683
1094978
1096493
1096760
1098584
1099480
1099511
1100018
1100504
1100639
1100837
1100884
1101485
1101607
1102964
1103600
1104290
1104645
1104946
1105773
1106085
1106148
1107467
1107720
1108025
1108580
1109278
1109698
1110558
1110583
1112090
1112094
1112095
1112282
1112527
1114608
1115592
1115646
1115894
1115898
1116153
1116994
1117022
1117565
1117620
1117683
1117958
1117998
1118571
1119044
1120929
1121600
1121737
1121943
1122102
1122477
1122736
1123535
1123633
1123777
1123830
1123832
1124027
1124474
1124746
1124757
1125993
1126778
1127081
1127765
1127843
1128522
1128579
1129084
1129475
1129802
1129840
1129879
1130196
1130332
1130464
1130629
1130708
1130959
1131214
1131372
1131440
1131794
1131999
1132583
1132688
1133008
1134436
1134497
1134536
1134735
1134781
1134783
1134993
1136466
1136500
1136813
1136972
1137049
1137317
1137668
1137692
1137736
1138604
1139011
1139036
1139556
1140296
1140314
1140325
1140731
1140750
1140864
1143646
1144001
1144175
1144635
1144982
1145263
1145264
1145896
1146415
1146574
1146895
1147062
1147086
1147108
1147923
1149814
1151194
1151203
1151206
1151212
1151213
1151240
1151815
1152951
1153095
1153715
1154042
1154127
1154446
1154533
1154640
1154722
1154739
1155288
1155387
1155480
1155483
1155543
1155650
1155755
1155757
1155843
1156408
1156623
1156708
1156771
1156827
1157275
1157281
1157325
1157818
1158118
1158561
1159169
1159706
1160571
1161768
1161770
1161787
1161845
1161846
1162466
1162516
1162629
1163148
1163400
1163696
1163972
1164466
1164492
1164901
1166913
1167094
1167365
1168043
1168432
1168791
1168818
1168825
1168827
1168838
1168855
1169363
1170074
1170162
1170193
1170206
1170231
1170334
1170436
1170649
1170925
1171002
1171091
1171272
1171273
1171342
1171525
1171541
1171575
1171595
1171670
1172308
1172309
1172312
1172314
1172320
1172324
1172326
1172404
1172845
1173173
1173320
1173402
1173483
1173550
1173826
1174559
1174658
1174662
1174782
1174840
1175053
1175415
1175626
1175669
1175778
1175864
1175893
1175896
1176138
1176139
1176257
1176450
1176477
1176748
1176875
1177158
1177420
1177627
1177674
1177837
1178213
1178251
1178303
1178533
1178906
1178926
1178937
1178966
1179216
1179304
1179431
1179466
1179893
1179964
1179991
1180005
1180014
1180910
1180993
1181106
1181196
1181216
1181298
1181479
1181496
1181953
1182017
1182043
1182233
1182583
1182897
1182924
1182933
1182946
1183090
1183526
1183532
1183574
1183777
1184575
1184662
1184747
1184929
1185093
1185653
1185753
1185841
1185959
1185974
1186027
1186215
1186296
1186653
1186724
1186905
1186910
1186911
1187320
1187872
1187885
1188029
1188042
1188402
1188520
1188554
1188777
1189072
1189116
1189144
1189165
1189394
1189666
1189672
1189834
1189930
1189936
1190265
1190389
1190688
1190876
1191136
1191221
1191222
1191546
1191627
1191645
1191709
1191763
1191819
1191867
1191880
1192075
1192192
1192694
1192805
1193117
1193186
1193275
1193282
1193632
1193827
1194292
1194880
1194901
1195117
1195379
1195395
1195445
1195451
1195490
1195502
1195738
1195756
1196189
1196475
1196770
1196874
1196967
1197147
1197536
1197601
1197602
1197603
1197638
1197655
1197775
1197896
1197907
1198135
1198331
1198342
1198370
1198457
1198474
1198487
1198695
1198702
1198806
1198808
1198930
1198942
1199137
1199432
1199761
1199869
1199876
1199877
1199991
1200121
1200122
1200123
1200126
1200144
1200166
1200179
1200319
1200350
1200386
1200536
1200538
1200699
1200933
1200999
1201187
1201207
1201213
1201221
1201256
1201263
1201290
1201293
1201441
1201442
1201557
1201589
1201804
1202243
1202401
1202406
1202487
1202533
1202559
1202631
1202683
1202778
1202779
1202783
1202784
1202788
1202862
1202882
1202916
1202920
1202954
1202988
1202990
1202992
1202993
1203022
1203046
1203124
1203140
1203141
1203418
1203422
1203624
1203645
1203817
1203858
1204085
1204139
1204285
1204761
1204765
1204795
1204822
1204900
1204901
1204947
1204956
1205233
1205289
1205330
1205362
1205400
1205426
1205453
1205533
1205583
1205621
1205742
1205744
1205893
1206002
1206028
1206074
1206077
1206133
1206184
1206192
1206239
1206721
1206758
1206783
1206807
1206927
1206949
1207084
1207235
1207305
1207310
1207507
1207560
1207564
1207641
1207692
1207693
1207694
1207720
1207734
1207765
1207766
1207809
1207842
1207898
1208092
1208234
1208310
1208392
1208530
1208540
1208634
1208644
1208755
1208880
1208883
1209001
1209298
1209301
1209359
1209527
1209646
1209769
1209846
1210063
1210075
1210082
1210084
1210131
1210179
1210199
1210208
1210234
1210238
1210716
1210744
1211006
1211109
1211112
1211189
1211248
1211378
1211423
1211636
1211646
1211752
1211759
1211760
1211959
1211995
1211996
1212011
1212048
1212366
1212396
1212535
1212579
1212623
1212643
1212647
1212649
1212650
1212653
1212655
1212691
1212697
1212723
1212724
1212736
1212782
1212997
1213128
1213165
1213470
1213502
1213503
1213560
1213682
1213773
1213827
1214112
1214338
1214414
1214462
1214562
1214586
1214598
1214616
1214654
1214939
1214957
1214993
1215178
1215248
1215313
1215413
1215495
1215502
1215509
1215536
1215537
1215539
1215571
1215598
1215605
1215661
1215703
1215705
1215706
1215778
1215819
1216015
1216016
1216031
1216049
1216051
1216058
1216334
1216378
1216400
1216417
1216540
1216651
1216683
1216807
1216861
1217396
1217399
1217564
1217593
1217782
1217824
1217825
1217931
1218041
1218133
1218190
1218260
1218263
1218392
1218566
1218622
1218642
1218643
1218693
1218851
1219031
1219056
1219062
1219107
1219137
1219139
1219342
1219344
1219405
1219407
1219676
1219766
1219898
1219920
1219922
1219955
1220308
1220514
1220649
1220656
1220733
1220748
1220978
1221005
1221006
1221328
1221368
1221369
1221379
1221380
1221382
1221672
1222191
1222207
1222231
1222252
1222521
1222568
1222622
1222673
1222751
1222753
1222839
1222878
1222898
1222963
1223047
1223065
1223114
1223145
1223336
1223344
1223418
1223862
1223888
1223999
1224046
1224063
1224186
1224288
1224309
1224422
1224494
1224717
1224720
1224829
1224884
1224962
1225062
1225121
1225128
1225176
1225179
1225324
1225377
1225576
1225600
1225613
1225631
1225647
1225776
1225849
1225983
1226133
1226282
1226286
1226288
1226432
1226630
1226693
1226767
1226843
1226850
1226851
1227186
1227232
1227251
1227384
1227395
1227398
1227540
1227548
1227568
1227577
1227588
1227599
1227616
1227689
1227700
1227766
1227792
1227798
1227802
1227858
1227960
1228082
1228189
1228202
1228205
1228342
1228453
1228692
1228824
1228875
1228903
1228924
1229048
1229074
1229075
1229103
1229107
1229111
1229319
1229362
1229387
1229519
1229826
1229872
1229878
1229929
1230001
1230117
1230323
1230422
1230436
1230462
1230465
1230484
1230487
1230546
1230549
1230550
1230624
1230625
1230652
1230963
1231213
1231490
1231622
1231683
1231811
1231919
1231956
1231962
1232200
1232251
1232394
1232520
1232609
1232649
1232760
1232765
1232897
1233054
1233060
1233090
1233327
1233545
1233566
1233768
1233848
1234133
1234310
1234415
1234443
1234797
1234928
1234955
1236567
1236638
1237199
1237344
1237574
1237587
1237707
1237718
1238219
1238605
1239156
1240676
1242153
1242369