0639965
0673677
0834063
0909916
0916298
0919773
0924369
0938930
0939886
0940057
0942947
0943217
0946831
0949367
0950704
0965430
0965763
0966367
0966679
0968644
0972451
0984702
0987033
0992735
0992767
0993563
0993569
0995589
1010085
1013762
1014681
1030797
1033201
1036484
1039771
1049256
1049655
1050477
1050747
1052909
1052969
1054608
1059204
1059268
1059454
1060882
1060883
1060911
1062427
1062588
1063184
1063201
1063745
1063861
1064009
1065604
1065633
1066503
1067279
1069844
1071075
1071403
1071419
1071455
1071484
1072474
1072786
1077557
1079870
1080839
1081948
1082211
1082406
1082517
1082528
1082654
1083302
1086254
1086278
1086411
1087421
1089449
1090296
1091840
1092190
1093189
1094683
1094978
1096493
1096760
1098584
1099480
1099511
1100018
1100639
1100837
1101485
1101607
1102964
1103600
1104290
1104645
1104946
1105773
1106085
1106148
1107720
1108580
1109698
1110558
1112090
1112094
1112095
1112282
1112527
1115646
1115894
1115898
1116153
1116994
1117022
1117565
1117620
1117958
1118571
1119044
1120929
1121943
1122477
1122736
1123535
1123633
1123777
1123830
1123832
1124474
1125993
1126778
1127843
1128522
1129084
1129475
1129802
1129840
1130196
1130332
1130464
1130629
1130708
1131214
1131794
1131999
1132583
1132688
1133008
1134497
1134536
1134781
1134783
1134993
1136813
1137668
1137692
1139556
1140296
1140325
1140750
1140864
1144001
1144175
1144635
1144982
1145264
1145896
1146415
1146574
1146895
1147062
1147086
1147108
1147923
1149814
1151194
1151203
1151206
1151212
1151213
1151815
1152951
1153095
1153715
1154042
1154127
1154446
1154533
1154722
1154739
1155288
1155387
1155543
1156623
1156708
1156771
1156827
1157275
1157325
1157818
1159169
1159706
1160571
1162466
1162516
1162629
1163696
1163972
1164466
1164901
1166913
1167094
1167365
1168043
1168432
1170074
1170162
1170193
1170206
1170231
1170334
1170649
1171272
1171273
1171342
1171525
1171670
1172404
1173320
1173402
1173483
1173550
1174559
1174658
1174662
1175053
1175626
1175778
1176139
1177158
1177420
1177627
1178966
1180005
1180910
1181298
1181479
1181953
1182897
1182924
1182946
1183532
1185841
1186296
1189144
1192075
1196874
1198695
1207084