0597524
0635382
0787123
0879413
0884754
0908105
0979980
0995680
0998289
1017410
1021268
1021269
1021591
1021685
1022506
1023624
1027051
1027358
1030158
1034613
1034629
1035167
1035209
1035342
1035457
1037495
1037560
1037681
1037694
1038279
1039390
1040020
1045432
1045434
1045436
1054019
1054578
1062332
1063805
1063813
1065603
1066533
1068431
1070524
1071187
1072831
1077922
1084281
1084762
1091077
1092164
1095961
1098387
1098389
1099663
1099664
1102162
1105700
1106023
1106024
1109599
1109688
1109968
1110449
1112902
1118514
1118841
1118845
1118896
1119070
1119087
1119094
1122820
1123109
1124128
1125059
1128273
1128794
1129513
1129622
1129625
1129627
1130988
1132498
1132548
1133153
1133551
1134532
1134572
1134866
1134869
1135231
1135257
1135279
1135281
1135288
1135395
1135705
1135923
1136128
1136860
1137059
1137118
1137152
1138989
1139116
1140047
1140057
1140826
1141465
1141998
1142257
1142323
1142786
1142857
1143932
1145676
1145785
1145793
1147497
1147726
1147752
1149802
1150100
1150102
1150197
1150582
1150634
1150638
1150642
1150937
1152659
1153020
1153611
1155147
1157636
1157638
1157918
1158068
1158384
1158785
1159132
1159367
1160600
1160682
1160723
1160928
1160960
1161634
1162397
1162632
1163183
1164022
1166127
1167334
1167723
1168339
1171372
1171491
1173179
1174908
1176026
1178969
1179009
1179860
1181130
1182086
1183311
1185027
1186625
1198095
1199716