1235861
1213053
1251690
1243160
1224961
1245997
1216375
1211037
1070032
1241729
1254093
1237855
1240985
1244784
1245303
1245648
1089158
1230661
1254745
1129812
0749176
1219719
1236894
0880118
1254668
1228619
1127765
1241015
1171543
1236559
1158186
1244271
1250357
1173015
1246812
0956343
1123795
1244047
1234581
1241767
1249842
1247057
1239533
1239714
1252845
1245888
1234729
1235448
1235864
1237722
0814306
1246529
1205920
1255190
1213857
1232981
1130472
1209970
0711582
1228171
1238965
1238593
1232079
1233769
1238405
1010214
1235366
1241774
1170159
1170752
1243381
0932192
0984902
1245617
1229034
1158204
1196520
0487052
1170051
1241204
1207730
1251740
1122859
1238132
1238273
1234738
1099843
1255040
1254220
1076719
1240122
1011444
1246581
1236903
1157799
1214937
1238932
1074535
1137239
1117455
1249454
1246496
1238251
1176365
1263619
1228540
1243728
1129879
1185976
1241727
1195562
1259362
1252195
1254054
1248335
1002227
1239572
1184616
0783893
0764758
1195972
1238883
1239705
1255624
1238154
1249754
1239688
1244679
1192954
1238562
1262295
1262296
1247834
1231746
1234637
1231742
1236607
1232495
1252057
1232028
1245365
1245153
1228537
1239302
1237775
1228536
1239067
1240138
1007333
1199446
0608945
1243135
1194323
1229033
1241318
0579541
1229036
1231469
1251946
1252894
1241471
1245825
1236875
1238997
1245721
0589521
1245865
1204940
1246485
1240441
1241695
1248958
1239696
1262297
1215605
1236884
1237462
1178410
1230966
1227735
1226693
1255549
1248899
1255833
1234780
1086455
1231260
1208310
0890930
1232260
1176634
1241987
1169912
1258783
0803070
1239607
1022957
1171574
1091010
0750428
0837249
1243674
1254313
1233860
1245399
1237641
1097564
1224970
1175426
1223339
1245799
1237671
1088055
1237760
1117463
1254615
1213856
1085413
1232173
1228402
1075923
1099165
1229920
1212097
0865840
0533261
1247757
1225227
1250897
1247995
1199431
1231265
1246236
1240059
1253792
1241544
0647207
1244049
1246188
1235422
1249642
1226967
1219178
1234907
1248661
1243526
1230708
1258302
1191596
1226638
1217653
1241149
1249593
1237412
1110252
1237414
1231417
1254616
1240497
1255863
1261431
1238044
1078507
1236872
1245858
1247870
1247918
1225986
1239698
1233857
1250206
1157353
1240403
1249086
1127457
1169364
1245860
1240250
1089794
1090271
0544181
1241902
1158565
1246794
1241677
1073387
1208333
1238362
0867135
1235082
1238504
1248677
1235324
1249750
1230873
1077771
1236951
1031248
1178477
1244676
0513489
0937175
1250921
1240529
1238936
1009288
1252064
1189916
1227727
0967153
1230835
1232134
1254049
1161657
1249281
1246177
1250330
1255374
1233856
1216809
1207507
1169775
1242243
1118563
1152196
1250239
1172819
1246484
1252296
1231418
1231960
1239431
1231352
1232279
1230478
1244039
1168042
1208418
1240099
1232593
1217853
1239729
1229817
1244777
1245859
1243386
1249580
1236883
1236096
1235452
1236751
1150469
1241914
1203084
1230885
1249499
1092245
1208964
1247028
1250465
1226252
1236089
1252160
0930385
0993598
1241424
1226698
1238517
1170979
1012197
1036648
1246374
1134868
1246448
1189304
1254544
1241327
1241997
0986278
1234778
1191700
1238552
1243798
1246140
1126242
1238099
1261768
1235999
1234151
1241007
1230843
1216389
1074406
1160381
1250046
1246060
0697920
1176512
0967955
1076718
1234733
1233385
1257132
1199830
1099006
0806605
1261317
1231641
1237563
1251750
1238102
1225209
1257669
1249463
1247327
1229415
1241125
1243380
1239793
1223090
1244208
1244809
1242493
1220391
1240670
1250329
1231067
1245896
1196719
1152457
1242094
1209691
0496279
1250766
1226281
1213068
0568593
1245302
1088057
1234748
1250268
0689014
1238984
1238919
1217576
1238568
1241598
1247244
1005941
1248719
1174753
1254873
1232176
1249655
1246459
1251744
1231419
1243933
1232988
1231262
0795243
1206355
1222249
1217309
1209415
1124589
1229937
1235049
1060473
1260310
1246264
1249518
1093790
1197511
1243123
1238616
1255973
1194079
1214429
1072556
1239868
1075329
1238920
1241966
1231476
1228532
1237416
1234503
1058368
0870927
1188864
1228620
1246834
1236200
1238371
1205821
1229239
1225523
0903632
1107148
1235011
1246428
1230693
1236232
0763194
1241028
1239367
1231687
1246985
1250062
1250597
1255627
1241432
1170962
1253054
1208829
1202230
1206002
1238934
1249230
1234157
1230882
1236476
1241126
1241749
1239484
1234861
1241562
1253724
1229908
1245395
1224005
1182122
1120585
1237390
1243729
1239499
1248548
1237952
1245289
1256017
1235943
1188057
1237398
1165482
1240039
1233102
1243868
1161567
1238546
1173095
1166044
1224374
0957503
1209522
1249456
1255430
1232584
1237443
1245049
1230964
1237312
1201809
1228180
1245533
1245309
1255880
0651030
1146308
1251626
0892090
1157432
1124351
1246616
1243664
1239403
1229120
1236577
1237469
1228391
1230495
1232330
1254949
1247929
1241115
1056633
1233317
1189600
1239684
1232030
0977062
1247438
1239673
1236868
1248669
1234793
1247413
1232761
1214419
1227752
1245736
1227766
1252550
1234127
1007334
1070268
1230398
1238357
1249509
1236411
0710682
1246461
1257198
1213613
1236381
1251321
1226261
1248687
1238124
1241127
1198402
1236723
1241638
1237768
0945531
1240987
0542551
1209027
1247303
1261296
1239755
1234636
1238994
1111976
1096931
1249975
1232212
1216368
1255180
1251758
1247122
1115096
1066337
1010215
1070399
1236052
1237392
1070715
1023823
1226046
1213163
1245672
1185377
1237466
1146165
0988242
1193965
1259272
1237452
1257065
1237128
1244826
1193446
1237254
1249512
1167835
1258309
1246594
1227299
1143135
1238634
1239862
0493103
1226321
1239748
1260603
1238999
1240914
1230537
1241167
1255890
1240137
1218329
1258917
1241251
1240981
1244229
1249116
1256723
1233794
1248295
1244678
1176342
1250576
1238951
1228219
1236873
1228071
1213853
1216816
1226382
1244494
1249840
1247035
0887085
1168030
1236542
1164272
1191528
1248245
1246593
1227437
1131072
1243759
1241332
1244811
0982708
1247206
1213702
1228984
1222359
1245664
1252484
1094835
1238096
1240437
1237351
1244808
1241159
1241315
0706271
1199190
1166949
1237047
1255394
1240162
1242266
1241165
1251074
1253209
1237431
1240276
1038444
1248963
1232380
1112431
1182018
1249006
1257593
1162801
1245508
1251948
0752652
0824403
1220743
1236609
0867466
1160446
1156124
1240931
1200489
1260967
0963297
0962863
1195854
1236904
1240495
1251717
1218337
1241951
1167743
1251839
1237094
1220252
1245480
1247875
0852614
1246585
1249465
1229206
1255792
1227549
1230485
1243161
1214801
1226922
1245377
1237085
1252243
1241739
1232067
1117459
1249485
1234619
1238264
1218566
1254805
1247868
1102035
1240180
1243567
1158200
1245317
1177547
1238946
1202547
1230852
1039177
1246179
1227867
1123215
1246509
1254448
1219406
1237069
1225461
1239983
1035467
1242711
1237555
1241446
1242734
1123621
1066903
0824404
1238166
1257838
1228838
1240268
1201508
1249157
1250404
1257742
1232174
1122289
1226168
1248549
1241686
1218111
0863595
1242163
1236742
1231760
1239276
1201230
1140466
1231663
1236633
1254435
1244186
1239473
1193333
1248631
1254969
1170373
1233423
1234794
1113691
1188505
1242686
1197187
1048544
1243195
1185135
1257880
0698639
1172763
1219945
1230427
1252818
1246203
1242708
1254568
1229429
1222997
1144108
1257970
1211336
1244671
1243233
1225008
0972640
1241050
1152676
1248816
1231932
1198680
1243893
1238885
1251597
1245297
1241336
1253747
1239885
1242553
1248098
1250060
1254557
1234815
0813557
1225609
1243393
1179402
1228850
1241194
1170400
0743530
1233570
1245666
1251803
1116340
1001829
1246523
1244607
1261515
1253018
1239908
1232213
1241096
1240962
1206659
1241804
1247667
1230794
1195853
1245932
1247393
0888322
0561303
1202401
1221385
1039254
1243263
1211290
1107147
1238849
1248830
1208745
1188553
1203543
1247262
1245032
1249117
0751471
1251854
1244522
1235015
1239573
1246888
1219932
1226566
0653275
1245915
1233251
1143646
1222681
1156947
1023835
1240700
1218830
1242569
1234159
1230438
1241799
1213839
1241399
1239383
1237580
1245043
1240135
1233425
1245948
1251801
1228445
1243183
0925212
1248956
1191539
1239728
1260017
1253144
1239093
1233400
1239860
1231263
0889828
1253034
0676207
1193980
1243097
1244782
1187662
1076716
1244747
1248288
1232354
0783707
1133559
1240866
1246522
1199785
1230266
1261523
1247994
1247474
1232044
1214220
1248097
1254728
1255569
1239402
1239602
1033137
1235021
1251819
1248095
1246513
1185761
1241323
1245729
1260525
1029317
1241779
0718731
1240471
1092949
1208540
1234798
1243171
1226984
1243657
1252661
1210630
1253210
1239686
1070272
1236796
1243661
1238635
1247709
1237735
1236880
1241119
1240965
1243872
1230402
1127071
1236293
1250356
1238800
1236026
1101992
1169768
0750623
1239043
1241696
1253394
1244793
1133475
1251656
1218406
1234753
1241665
1251799
1222595
1034065
0456163
1231783
1212699
1243063
1250877
1241847
1230526
1204248
1244524
1161986
1241393
1250064
1231704
1247223
1068868
1130010
1238968
1232747
1220945
1228865
1232588
1241313
1245383
1246622
1232217
1210062
1244677
1255177
1239377
1228792
1243877
1250175
1173748
1071972
1178251
1146201
1190332
1239066
0943601
1245176
1237854
1242229
1253811
1247056
1239598
1239485
1248957
1231828
0924139
1249005
1239390
1188707
1251306
1207770
1233388
1246514
1243565
1231270
1223407
1232222
1250204
1122722
1247714
1256478
1267565
1237221
1245591
1238285
1230505
1215575
1231976
1233227
1244270
1244022
1246940
1233274
1239350
1230678
1248667
1235012
1241758
1008025
1172405
1241924
1239334
1241413
1048567
1252048
1206078
1238986
1198911
1181605
1240432
1238464
1229746
1115658
1236272
1247394
1162136
0877769
1241319
1224404
1132416
1239041
1240515
1245908
1241687
0954253
1206617
1244016
0979329
1241374
1237373
1253256
1139296
1252941
1239531
1255383
1235353
1235683
1249501
1228834
1235374
1246692
1219933
1231927
1239605
1236074
1232049
1268509
1207948
1239357
1240118
1238194
1232596
1240865
1239381
1227955
1241504
1227720
1245954
1197167
1236077
1246192
1232105
1206096
1256023
1239368
1238181
1243205
1248872
1005036
1245786
1181087
1243917
1178456
1248770
1147897
1224786
1245522
1229118
1244672
1238206
0460753
1243925
0944370
1005627
1157038
1243905
1242152
0575156
1236759
1182359
1236605
1227428
1240468
1123746
0898235
1239600
1250564
1236843
1245496
1038423
1236753
1209203
1238964
1164284
1143149
1010725
1051740
1231934
1251255
1240867
1232182
1240440
1233226
0611503
1162165
1223071
1226395
1255162
1245376
1247011
1239920
1225197
1251147
0633152
1171349
1191498
1241915
1232901
1245796
1257114
1256010
1228670
1217936
1239186
0496278
1214456
1245872
1237109
1164292
1237832
1207598
1258876
1250384
1246525
1232402
1246418
1248742
1228941
1195851
1248197
1248200
0767123
1176039
0803969
0228257
1234919
1247443
1254619
1250368
1227554
1235022
1232051
1237302
1265455
1255185
1220978
1193602
1226521
1253138
1240252
1243939
1251761
1258014
1246871
1240212
1231258
0620216
1251300
1075844
1249488
1251125
1255626
1238365
1250055
0713986
1248878
1240086
1256618
1230893
1234697
1236874
0624684
1248089
1245310
1238727
1198097
1233100
1254760
1244188
1265521
1236614
1160413
1252303
1234915
1235217
1248339
1162803
1209205
1240385
1232175
1238396
0714026
1227838
1237274
1243196
1214674
1229422
1226280
1241442
1240131
1242303
1249464
1256011
1224373
1136274
1243204
1205726
1082177
1237524
0984595
1243029
1234492
1172290
1242368
1257498
1232180
1235402
1256025
1238407
0955686
1230305
1226398
1200018
1231137
0685816
1236364
1248021
1254900
1228829
1214716
1256865
1245366
1239878
1239940
1254759
1238500
1238642
1238019
1250209
1252113
1243175
1241337
1101097
1232068
1249899
1187850
1249525
1246813
1244602
1245282
1222797
1232657
1239375
1263811
1236544
1243875
1097305
1232239
1241905
1246391
1237528
1194968
1249092
0998124
1240163
1193717
1236620
1238323
1233088
1011828
1239905
1254862
1213660
0464695
1256252
1233495
1254214
1247808
1256620
1250369
1238041
1243220
1250500
0930305
1193292
1257393
1208391
1180987
1242251
1237920
1236651
1238188
0922706
1229587
1213525
1241850
1255178
1234801
1243915
0960481
1239652
1245758
1239501
1242230
1256020
1239882
1203227
1237379
1236879
1154451
0549437
1239756
1240011
1248821
1228689
1178257
1238985
1243608
1194906
1240140
1226282
1187602
1243191
1243206
1250163
1074171
1247260
1234392
1245616
1162823
1251133
1236961
1230524
1241599
1254304
1207104
1131295
1201548
1243176
1222693
0970819
0594177
1232209
0948441
1166837
1216949
1238931
1237123
0827792
1249142
1229237
1243181
1198959
1226390
1237833
1243193
1233213
0874390
1200810
1231966
1122995
1240533
1240328
1241437
1236073
1241305
1136012
1240958
1256026
1184879
1237919
1228933
1187815
1201549
1220017
1236611
1229076
1179749
1234913
1239942
1223846
1241452
1225658
1242738
1174096
1243174
1204014
1231661
0813742
1229032
1232194
1244312
1247724
1131320
1245279
1230518
1231790
0892092
1236558
1231343
1236320
1252475
1250228
1245836
1231940
1241293
1248125
1233147
1257028
1228982
1261340
1239941
1218997
1247042
1253301
1101327
1236737
1211308
1236861
1236945
1253026
1237301
1211309
1232269
1256612
1235062
1244255
1252306
0795311
1236772
1209422
1164562
1236923
1245875
1247020
1256016
1256625
1214304
1248226
1246973
1238249
1169292
1242165
1230892
1241651
1238094
1240892
1211338
1255053
1241944
1181062
1243724
1244999
1242164
1250073
1214673
1239323
1238648
1262521
1253624
1201068
1233546
1237114
1237237
1237930
1203210
1205358
1236540
1238220
1070271
0742400
1256483
1246524
1249249
1191565
0776315
1230555
1229931
1251309
1237113
1237482
1233267
1223760
1235070
0694298
1228436
1072847
0975220
1234921
1097109
1255192
0982160
0995634
1234545
1257833
1250919
1238842
1231741
1089811
1239796
1057813
1232910
1247792
1248689
1250160
1203174
1256024
1236187
1235797
1248230
1254764
1212105
1250584
1232612
1106954
1247273
1246814
1181506
1248353
1236366
1229020
1235266
1206254
1247515
1230397
1226394
1236501
1245873
1245941
1237112
1221670
1254015
1076715
1232611
1093199
1084108
1206904
1232178
1239679
1207036
1080408
1242876
1038735
1216894
1231955
1226683
1224528
1229016
1238364
1242115
1235865
1228995
1075730
1225823
1157034
1252177
1241140
1182893
1217092
1184151
1228366
1028679
1228227
1243218
1258985
1203223
1235137
1233256
1240676
1182043
1224407
1184662
1182392
1241540
1251969
1236316
1236706
1257269
1257876
1238708
1137677
1256012
1205632
1235138
1258846
1227661
1227825
1236628
1231768
1198931
1239363
1184878
1239689
1256013
1256021
1187603
1253465
1255661
1206795
1229972
1228927
1109636
1058898
1074658
1201509
1231508
1225654
1238081
1265972
1245637
1240734
1222358
1246011
1233284
1231475
1232472
1009748
1229683
1246905
1249398
1236075
1224355
1241995
1237851
1083987
1210809
1229737
1203108
1158018
1246629
1257878
1254527
0819114
1223848
1253051
1243885
1236708
1228226
1226365
1245966
1213946
0932722
1223577
1028692
1163612
1224935
1229402
1254766
1115204
1184150
1228139
1234136
1228932
1039973
1239255
1226001
1192599
1242112
1240339
1230514
1247001
1227431
1245609
1231499
1182885
1236832
1214754
1238189
1232573
1257272
1238993
1248593
1231824
1180423
1247278
1247715
1249218
1249221
1249308
1250235
1238684
1251814
0994905
1228535
1206831
1239914
1231511
1240916
1239354
1241444
1256280
1257784
1246818
1236206
1231796
1246275
1256408
1249628
1237148
1247334
1207798
1241453
1237803
1235979
1249492
1251573
1228946
1249205
1234390
1072161
1225306
1249487
0999727
1251307
1250152
1223950
1233840
1234382
1166251
1185454
1229736
1236859
1243228
1231530
1249215
1238192
1254718
1251304
1239797
1158129
1228415
1248692
0970818
1122659
1239854
1225635
1107360
1199739
1238316
1198432
1010387
1227956
1045459
1208965
1240747
1204904
1212805
0963662
1234741
0922700
0941666
1099675
0688728
1241449
1227233
0750528
1239208
1232261
1219404
1226301
1235222
1199249
1242090
1089775
1241338
1250617
1246290
1198431
1246803
1237336
1227148
1091186
1012056
1246117
1199888
1234786
1229914
1232125
1236193
1207384
1226254
1228016
1246505
1250591
1164787
1013956
1231406
0846933
1259877
1114969
1241059
1214177
0975845
1242503
1137208
1240531
1152096
1143405
1252018
1257834
1216651
1240986
1247101
1249406
1163560
1227909
1232418
1207453
1240298
1226449
1248615
1227411
1244799
1237015
1200792
1212700
1252034
1131215
1228521
1195817
1238287
1256083
1195824
1249524
1238852
1246922
1167722
0811993
1248626
1249317
1252163
1264086
1238419
1228014
1243050
1228408
1245604
1069414
1242495
1254973
1256445
1113293
1209534
1269045
1240442
1219309
1206236
1243438
1241068
1214614
1167714
1255031
0871889
1234795
1247883
1247284
1230564
1232498
1240982
1249565
1262175
1245478
1222211
0395730
1246115
1234775
1246287
1254753
1239899
1235863
1247890
1199187
1230671
1236905
1243797
1254963
1249805
1241709
1234958
1262045
0983240
1227731
1253148
1240530
1242033
1118512
1230818
1249861
1237470
1082853
1247084
1237566
1238606
1246830
1253053
1256063
1104682
1241010
1227730
1253413
1245812
0994042
1208619
1227410
1244426
1246044
1246233
1255357
0824995
1246132
1244459
1237310
1243790
0939703
1257980
1254765
1106650
1247999
1179415
0678157
1171338
1257329
1246882
1245286
1241927
1117472
1255494
1246336
1233014
1243036
1246151
1253187
1228015
1081653
1207488
1247022
1191068
1230711
1254675
1247123
1246133
1239430
1214676
1163055
1249541
1238602
1239458
1213943
1227910
1243775
1235939
1245582
1239339
1101074
1246239
1174807
1248317
1241257
0569984
1247290
1232370
1241724
1248789
1229922
1212861
1244525
1235414
1244550
1245038
1247103
1250058
1250318
1231066
1257986
1247039
1131075
1137317
1143058
1239165
1263920
1255612
1249504
1248949
1247138
1190291
0996759
1243937
1247726
1081651
1212390
1230706
1263129
1234379
1255191
1264559
1261197
1239455
1175634
1248264
1243126
1248698
1216851
1247894
1261730
1241274
1255149
1229356
1032136
1171002
1176478
1233259
1244396
1244779
1246963
1246964
1246965
1247411
1249983
1250769
1250770
1259491
1251378
1214392
1242563
1063809
1232466
1249601
1239454
1253552
1261367
1248868
1250321
1253152
1249585
1250657
1234988
1188999
1246058
1247344
1026503
1240959
1243076
1249214
1253158
1162041
1249023
1245972
1254690
1249555
1250388
1247966
1241343
1245969
1231420
1248218
1253155
1254607
1181039
1247731
1247838
0967154
1243139
1231422
1235745
1240083
1247839
1167892
1244217
1251161
1250923
1246511
1247339
1244586
1233384
1247404
1239068
1176786
1232227
1237698
1250666
1134422
1248848
1232197
1244800
1244802
1245968
1246966
1248695
1248926
1251756
1252185
1252623
1252624
1252625
1258275
1258314
1258321
1239762
1245974
1253319
1239697
1242392
1252943
1252320
1209140
1245975
1248674
1254898
1208759
1243667
1245970
1232151
1247932
1249952
1256965
1197654
1262263
1089150
1170283
1248217
1253151
1247876
1248492
1169150
1173315
1251896
1240972
1247003
1245392
1248864
1251350
1246357
1247407
1219130
1228529
1240035
1244645
1193295
1250887
1253537
1106722
1252154
1235081
1246516
1249951
1048152
1236886
0993809
1222679
1235079
1236231
1237323
1244437
1244541
1253753
1185566
1236543
0570002
1193743
1218803
1163548
1230963
1234514
1234774
1237428
1240783
1176748
1189925
1241928
1247723
0738873
1242761
1251491
1177350
1228528
0950843
1229659
1260801
1214214
1239441
1268553
1250059
1231408
1251299
1246272
0754107
1157281
1176809
1245280
1247789
1253184
1198013
1248846
1247790
1253237
1253897
1231207
1247725
1260262
1241697
1238918
1244868
1229069
1241991
1251443
1163006
1241800
1211242
1247722
1245270
1024256
1218367
1219104
1231400
1235426
1237675
1239560
1240355
1241002
1244464
1244519
1244548
1244801
1246351
1246355
1246884
1246962
1248826
1249200
1249629
1249633
1249696
1250023
1251130
1251785
1252637
1253127
1253202
1255261
1261790
1264079
1172281
1254620
1255144
1108863
1239000
1253526
1065654
1249972
1202520
1238161
1239577
1248340
1252278
1085414
1240532
1241801
1245061
1178600
1242755
1248316
1261631
1207593
1232376
1234769
1225464
1241320
1245031
0578630
1247970
1159823
1245405
1249558
1240354
1175656
1243968
1101116
1249498
1215651
1239980
1241170
1242546
1237446
1232823
1238506
1240925
1227439
1244233
1246141
1251932
1193337
1220362
1234796
1246519
1250931
1228992
1257900
1262254
1248851
1194597
1260266
1215703
1234970
1231421
1247432
1257625
1242636
0763195
1234909
1246507
1088625
1200652
1244574
1167736
1233253
1238577
1244516
1238961
1247225
1251501
1252862
1234973
1249234
1254207
1259031
1249213
1257397
1210963
1167556
1234635
1243133
1244518
1244535
1244552
1245929
1253967
1266878
0841808
1247117
1237324
1255546
1256934
1090685
1193099
1230400
1237434
1253185
1238927
1244469
1191495
1243261
1241667
1248951
1258276
1251960
1240136
1243035
1256085
1257612
1172852
1247044
1247229
1247399
1199862
1133006
1240359
1232783
1193940
1249958
1240963
1236696
1252342
1257642
1242647
1246530
1122102
1237314
1244871
1215362
1247928
1254491
1193900
1237063
1239576
1247867
1217913
1242272
1252913
0503569
1187114
1246898
1247061
1238012
1222676
1241279
1254074
1261669
1128821
1181056
1258058
1258971
1241853
1251797
1248580
1244853
1248269
1260186
1249582
1196779
1241284
1244452
1246480
1185140
1242748
1261046
1231425
1249238
1228437
1239568
1239907
1256082
1001223
1158210
1208344
1234501
1235441
1239304
1240984
1241003
1242504
1243389
1244451
1244557
1244558
1244603
1244604
1245558
1245560
1245789
1247015
1247017
1247282
1248210
1248215
1248588
1249197
1249198
1249220
1249630
1253215
1256009
1257236
1257652
1262934
1241797
1244577
1228999
1242045
1253120
1259892
1198343
1080290
1239730
1244958
1245398
0749175
1226432
1241706
1245893
1249159
1245505
1247112
1262202
1225669
1252145
1253843
1249583
0578626
1250541
1242051
1252393
1247489
1248105
1250998
1136544
1238794
1246194
1254980
1258346
1172232
1255411
0866528
1129572
1247007
1254450
1099479
1245556
1245960
1246266
1254734
1256420
1242746
1251131
1040820
1173986
1233272
1253310
1253788
1262294
0662369
1245022
1247873
1248115
1248731
1230866
1232043
1244748
1246261
1234799
1241369
1250665
1257621
1263853
1197507
1249446
1253081
1255049
1216937
1234638
1241553
1241158
1198479
1210362
1250154
1250340
1254975
1172234
1249204
1255701
1257681
1258965
1262305
1242293
1238856
1248383
1251577
1254857
1235299
1246586
1260710
1235270
1243910
1245024
1229982
1228218
1246570
1247530
1120617
1214435
1261030
0981900
1078657
1231426
1233109
1241549
1244835
1254978
1265030
1240964
1243101
1243962
1246592
1246890
1257144
1242567
1251461
1189347
1108943
1249282
1197062
1237060
1248889
1252171
1235464
1240360
1252174
1261600
0811107
1231068
1249627
0428351
1229038
1241067
1243942
0907005
1176659
1215750
1232706
1238621
1239446
1241141
1244556
1245051
1246007
1246268
1246346
1246862
1247010
1247271
1248634
1249625
1249772
1249782
1249784
1249794
1250212
1251127
1251251
1253250
1253969
1254094
1254776
1255054
1256194
1258554
1258857
1263020
1268388
1241806
1243663
1253999
1191624
1240367
1241423
1256422
1268648
1238412
1241556
1239640
1243043
1244014
1231211
1239903
1256471
1210804
1212727
1242599
1247880
1247924
0540614
1238579
1243894
1249711
1253283
1254676
1234631
1243065
1247896
1261666
1032522
1233164
1238590
1245085
1253787
1255775
1257703
1261185
1224327
1078067
1249658
1255179
1262211
1196652
1242560
1250210
1207030
1207746
1240181
1250114
1261632
1262209
1075855
1213523
1163545
1239115
1246052
1246636
1248652
1254778
1255202
1232219
1104623
1236003
1241551
1255186
1261649
1178919
1235296
1235656
1238855
1245378
1265028
1121368
1247032
1259184
1190992
1125924
1246258
1247892
1261411
1236728
1235657
1253124
1254013
1218388
1240362
1254091
1235345
1240830
1241952
1246108
1246248
1246640
1246717
1251175
1251319
1253748
1253896
1259408
1232327
1239019
1239565
1242712
1254027
1232062
1241956
1242009
1246329
1248149
1250352
1251391
1254695
1184207
1256650
1163556
1199689
1241967
1253654
1232060
1242116
1242127
1248071
1248890
1249830
1257293
1217921
1242770
1251914
1251918
1260151
1228409
1203711
1238955
1242433
1247228
1262383
1256022
1260991
1236695
1246107
1250637
1251786
1252911
1232565
1248761
1253908
1256032
1256613
1261781
1239848
1240363
1243172
1256725
1261012
1265024
1244848
1255232
1245725
0942194
1214444
1232061
1238950
1242128
1245078
1246049
1248881
1250028
1190351
1258974
1214883
1243075
1261590
1262275
1263679
0554141
1240938
1243656
1245886
1259363
1194827
1214436
1239671
1246521
1252462
1128403
1188815
1196675
1210875
1214437
1217849
1226027
1226391
1227902
1231323
1233135
1235078
1236275
1240429
1242063
1242540
1244617
1244751
1245922
1246218
1246556
1246557
1246559
1247016
1250403
1251222
1251230
1251793
1252477
1253463
1256314
1257437
1257861
1258319
1261020
1263201
1247462
1260273
0910283
1164561
1232050
1238990
1256624
1179654
1187872
1232800
1238719
1246063
1248873
1250966
1164800
1248186
1258790
1251795
1243100
1243210
1248073
1248920
1249573
1250094
1254567
1243071
1256240
1258855
1259710
1240233
1242058
1248141
1248170
1254528
1256785
1256794
1261789
1198604
1236819
1256018
1256019
1256034
1173514
1232046
1246260
1248943
1255176
1255244
1255881
1259894
1235173
1235678
1244333
1253306
1210428
1232048
1242512
1247701
1249002
1260182
1118867
1158136
1239558
1248175
1252029
1173457
1236694
1244859
1258170
1262205
1201438
1235193
1240775
1246831
1248982
1249024
1257410
1261059
1233432
1236400
1237791
1240235
1246572
1248178
1250456
1252258
1256897
1257358
1250051
1259028
1261637
1233841
1234746
1240366
1241439
1242750
1246416
1256033
1258260
1231745
1231939
1235313
1236681
1250353
1256604
1259292
1264585
1191527
1205343
1209619
1211306
1235685
1237226
1241634
1244864
1244866
1245066
1246554
1247754
1251736
1253979
1257644
1257783
1265978
1265979
1265983
1266003
1266007
1214993
1241772
1250096
1253819
1254437
1257984
1221328
1245283
1247033
1249087
1250155
1270042
1231683
1244847
1246257
1247842
1261795
1263334
1265186
1235287
1244424
1244590
1250758
1241463
1254107
1258873
1261440
1219428
1238992
1246600
1247396
1263678
1238352
1249000
1247676
1260198
1248189
1253294
1111528
1187633
1226369
1230653
1233236
1235688
1236144
1237364
1238636
1239732
1239898
1240977
1241464
1247392
1247493
1247633
1249401
1249402
1251362
1254603
1257043
1258223
1245510
1245592
1247479
1253333
1254346
1241854
1246829
1249606
1250933
1251609
1253218
1242001
1242514
1242595
1244644
1247843
1255037
1240317
1250941
1253035
1257657
1258124
1261152
1244561
1245541
1247256
1247679
1251956
1181949
1213520
1241296
1255764
1261775
1263572
1232927
1241438
1256623
1261801
1225485
1232042
1240364
1239489
1247049
1253307
1254708
0450182
1178425
1181223
1236159
1241205
1241477
1244824
1246023
1254583
1257646
1258218
1097511
1228915
1230915
1233150
1236186
1242534
1245072
1245461
1245462
1256652
1257641
1257658
0912078
1165850
1247257
1249855
1242713
1253092
1253279
1262165
1114258
1231504
1243142
1236399
1237124
1246358
1246445
1251259
1252091
1253312
1256489
1261777
1243066
1244578
1246413
1247675
1248300
1259663
1262577
1194187
1214191
1241136
1242754
1243440
1237230
1252467
0945713
0981841
1096838
1096843
1129919
1206619
1208258
1228823
1233184
1235542
1235543
1236593
1237220
1237922
1239838
1239927
1240431
1240434
1240824
1241144
1241276
1241592
1242489
1242507
1243439
1246161
1246499
1246504
1247800
1248831
1254758
1256094
1256747
1256870
1258311
1258312
1259862
1263680
1215799
1236311
1248653
1252836
1244072
1256639
1243070
1243891
1246426
1249223
1222380
1242002
1244851
1245641
1245663
1256029
1256035
1261497
1198228
1233821
1236570
1244814
1248194
1254101
1258161
1258172
1261366
0912079
1262520
1243428
1244852
1206939
1235176
1240299
1247304
1252025
1256486
1256793
1198476
1210408
1236679
1256036
1256886
1262113
1188814
1198468
1226371
1234413
1236128
1240084
1240798
1241288
1243510
1243913
1244635
1244637
1245650
1246164
1247909
1248952
1251339
1254804
1260715
0672169
1245464
1246255
1251941
0666257
1232480
1179753
1241731
1244855
1246638
1251342
1252159
1256031
1256935
1189679
1228702
1233209
1233229
1244818
1246650
1247609
1255175
1267470
1028691
1242069
1252045
1253217
1257365
1259912
1264511
1233355
1249141
1251556
1254026
1256621
1256622
1256681
1258344
1264064
0672166
1236289
1255632
1258220
1214183
1226678
1234903
1244857
1247012
1251390
1256061
1257879
1243240
1201293
1232580
1237972
1241795
1245463
1254316
0389528
0995539
1195607
1211408
1223929
1226399
1230865
1240819
1242496
1243019
1243134
1245486
1245537
1246379
1246827
1249581
1250620
1250765
1251393
1252396
1256619
1256790
1257447
1258641
1259011
1228768
1022528
1097301
1258185
1230516
1236314
1237992
1238087
1247251
1247280
1248092
1253219
1256476
1256649
1258544
1261764
1232719
1236310
1250048
1257643
1258125
1260802
1264623
1257432
1166977
1241321
1244277
1244959
1250156
1252003
1253190
1254787
1258162
1259302
1227905
1231199
1232486
1242037
1250256
1253065
1253661
1209707
1226367
1229349
1232705
1243230
1244482
1244944
1251355
1256496
1259279
1260331
1264621
0780936
1187849
1209578
1210077
1232288
1239494
1244251
1248655
1249981
1250255
1252915
1254109
1254566
1255174
1260373
1252039
1253298
1257140
1265491
1257421
1233282
1233352
1234708
1237923
1242877
1246383
1248196
1249139
1251392
1251943
1254531
1255408
1256376
1258831
1259289
1164485
1233351
1241160
1246189
1246631
1247476
1251606
1252864
1253910
1259099
0946621
0991955
1028613
1041734
1203110
1223925
1226364
1226372
1226403
1232947
1234905
1237921
1238970
1240040
1240041
1240946
1241147
1242329
1242450
1242592
1243360
1243431
1243441
1243751
1244964
1245525
1246118
1247343
1249592
1250836
1253168
1253242
1254786
1097303
1258183
1258850
1258853
1145440
1193818
1232287
1232291
1233866
1244817
1253466
1256495
1258194
1267572
1123565
1187847
1227077
1237924
1243907
1252870
1257276
1257743
1258184
1258217
0612498
0949187
1226351
1233350
1249980
1255467
1257221
0946618
1228387
1229942
1233252
1233354
1237659
1237925
1241417
1256211
1257863
1258148
1258844
1198665
1202011
1204255
1206800
1207780
1232286
1237889
1249304
1259697
1205351
1224772
1231823
1232658
1236935
1244254
1249635
1250402
1251629
1261842
1262372
1233333
1239085
1248347
1250829
1250994
1258196
1265657
1228707
1241207
1249634
1249918
1250828
1251858
1255407
1234931
1240608
1248221
1249305
1249306
1250993
1254455
1254456
1256475