0433414
0534164
0568808
0572797
0578476
0751471
0768931
0824995
0871889
0877769
0882925
0886464
0932722
0934966
0939703
0941666
0954891
0958110
0963087
0966969
0971104
0975845
0980930
0986428
0988235
0994083
0996367
0996926
0999727
1000128
1011909
1013760
1014483
1025457
1030468
1031513
1035210
1036648
1039096
1041729
1042536
1044156
1045459
1046090
1047114
1049251
1050561
1051012
1063563
1063564
1065022
1066559
1066903
1067430
1069103
1070029
1070105
1071950
1072614
1076766
1076811
1077288
1081553
1083304
1083344
1084436
1084956
1085557
1087396
1087562
1087772
1089003
1089020
1089026
1089448
1089694
1089731
1089794
1089811
1090271
1091186
1091577
1091736
1091893
1092171
1095316
1095486
1095615
1096238
1096647
1098533
1099204
1099785
1099799
1099805
1099913
1100200
1100542
1103933
1106671
1107360
1107363
1108398
1108779
1109123
1109381
1109636
1110713
1111402
1111403
1111412
1111519
1112103
1112278
1112680
1112962
1113691
1115924
1115977
1115985
1116017
1116041
1116288
1116295
1116304
1116508
1117220
1117363
1117393
1117689
1119513
1120600
1120623
1120938
1121086
1121685
1121842
1121939
1122523
1123155
1123228
1123374
1123787
1124259
1124338
1124621
1126070
1126584
1127845
1127944
1128000
1128495
1128496
1128497
1128778
1128881
1128909
1128915
1130010
1131639
1131730
1131785
1131804
1132586
1132682
1133068
1134127
1134131
1134305
1134719
1134773
1134776
1134791
1135364
1135373
1135693
1136797
1137241
1137402
1137518
1137968
1138003
1138064
1138084
1138553
1139516
1139520
1139677
1141525
1141582
1141586
1141598
1142153
1143032
1143468
1145276
1145316
1145337
1145760
1145931
1145932
1146154
1146768
1146946
1147103
1147680
1147899
1147912
1148264
1149098
1149170
1151243
1151809
1151819
1151827
1152457
1152458
1153153
1153283
1153423
1153527
1154045
1154176
1154203
1155086
1155255
1155258
1155363
1155580
1156240
1156622
1156829
1156869
1156885
1157064
1157922
1157954
1158517
1158558
1158561
1158565
1159410
1159494
1159754
1159964
1160381
1161105
1161298
1161423
1161508
1161655
1161671
1161739
1161751
1161980
1162010
1162226
1162654
1162686
1163092
1163126
1163851
1163883
1164422
1164592
1166175
1167667
1168129
1168421
1168515
1169063
1169341
1169370
1169378
1169380
1169571
1170067
1171299
1171543
1172291
1172763
1173181
1173609
1173812
1173986
1174186
1174455
1174460
1174498
1174983
1175362
1175364
1175395
1175399
1175599
1176144
1176512
1176513
1176515
1176532
1176533
1176889
1177388
1177412
1177462
1177610
1177761
1177825
1178433
1178437
1178555
1179033
1179261
1179279
1179429
1179577
1179607
1179608
1179983
1181306
1181325
1181329
1181448
1181449
1181461
1182097
1182293
1182437
1182592
1182901
1183573
1183605
1183908
1184716
1184763
1184787
1185126
1185135
1185162
1185245
1186107
1186674
1187099
1188109
1188112
1188756
1188851
1189688
1189708
1189931
1189937
1190515
1190516
1191211
1191214
1191215
1191219
1191519
1191635
1191670
1191700
1191705
1191999
1192925
1193362
1193433
1193517
1193519
1193602
1193743
1193850
1193880
1193888
1194014
1194187
1194188
1194234
1194440
1194614
1194649
1194653
1194660
1195173
1195205
1195329
1195434
1195500
1195547
1195845
1196413
1196417
1196671
1196672
1196739
1197065
1197166
1197419
1197890
1197892
1198056
1198343
1198413
1198459
1198479
1198481
1198482
1198487
1198754
1198830
1198837
1199127
1199147
1199187
1199190
1199191
1199249
1199288
1199739
1199754
1199857
1200001
1200092
1200146
1200447
1200559
1200646
1200690
1201045
1201251
1201258
1201261
1201715
1202097
1202243
1202397
1202481
1202493
1202524
1202550
1202765
1202789
1202812
1202826
1202831
1202866
1202933
1202965
1203010
1203027
1203043
1203084
1203151
1203161
1203192
1203214
1203370
1203803
1203810
1203817
1203855
1203867
1203870
1204191
1204210
1204270
1204909
1205001
1205396
1205411
1205483
1205627
1205656
1205752
1205890
1205900
1205922
1205927
1205971
1206056
1206059
1206225
1206237
1206248
1206292
1206305
1206308
1206333
1206347
1206353
1206424
1206427
1206434
1206585
1206672
1206810
1206944
1206979
1207034
1207035
1207080
1207088
1207090
1207180
1207181
1207183
1207187
1207271
1207352
1207354
1207364
1207510
1207670
1208008
1208014
1208091
1208141
1208235
1208323
1208537
1208711
1208752
1209123
1209191
1209356
1209416
1209450
1209456
1209522
1209534
1209599
1209605
1209654
1209790
1209799
1209830
1209840
1210081
1210186
1210246
1210257
1210301
1210391
1210394
1210449
1210465
1210625
1210664
1210695
1210699
1210717
1210899
1210949
1210963
1211111
1211387
1211627
1211667
1211678
1211679
1211734
1211744
1211992
1211993
1211994
1212088
1212093
1212357
1212374
1212575
1212728
1212738
1212773
1212776
1212823
1212909
1213137
1213375
1213659
1213660
1213675
1213749
1213831
1213837
1213950
1213964
1214092
1214111
1214113
1214167
1214168
1214176
1214177
1214200
1214225
1214235
1214242
1214316
1214614
1214668
1214789
1214873
1214896
1214910
1214932
1214942
1214992
1215099
1215107
1215185
1215262
1215518
1215785
1215834
1215951
1216000
1216001
1216143
1216154
1216160
1216321
1216368
1216397
1216645
1216736
1216916
1217061
1217066
1217092
1217375
1217380
1217383
1217392
1217650
1217676
1217677
1217878
1217976
1217977
1217979
1218080
1218096
1218152
1218188
1218428
1218506
1218539
1218588
1218589
1218792
1218801
1218988
1219015
1219123
1219130
1219149
1219178
1219684
1219882
1219914
1220582
1220756
1221247
1221249
1221322
1221521
1221522
1221526
1221652
1221680
1221690
1221857
1221932
1222000
1222122
1222123
1222249
1222289
1222337
1222450
1222565
1222641
1223005
1223094
1223275
1223276
1223415
1223510
1224091
1224298
1224440
1224449
1224453
1224454
1224633
1224718
1224721
1224809
1224824
1224885
1224941
1225077
1225185
1225337
1225374
1225506
1225514
1225515
1225516
1225549
1225638
1225815
1225817
1225984
1226266
1226411
1226439
1226531
1226803
1227434
1227463
1227565
1227566
1228116
1228188
1228272
1228290
1228390
1228491
1228544
1228743
1228757
1228899
1229043
1229307
1230410
1231376
1231380
1231746
1232107
1232253
1232603
1233107
1233325
1233484
1233601
1233608
1234564
1234716
1234987
1235019
1235365
1236474
1236637
1237256
1238358
1239890
1240941
1243129